/*--------------------------------*- C++ -*----------------------------------*\
| =========                 |                                                 |
| \\      /  F ield         | OpenFOAM: The Open Source CFD Toolbox           |
|  \\    /   O peration     | Version:  2112                                  |
|   \\  /    A nd           | Website:  www.openfoam.com                      |
|    \\/     M anipulation  |                                                 |
\*---------------------------------------------------------------------------*/
FoamFile
{
    version     2.0;
    format      ascii;
    arch        "LSB;label=32;scalar=64";
    class       volVectorField;
    location    "160";
    object      force;
}
// * * * * * * * * * * * * * * * * * * * * * * * * * * * * * * * * * * * * * //

dimensions      [1 1 -2 0 0 0 0];

internalField   uniform (0 0 0);

boundaryField
{
    outlet
    {
        type            calculated;
        value           uniform (0 0 0);
    }
    walls
    {
        type            calculated;
        value           uniform (0 0 0);
    }
    inlet
    {
        type            calculated;
        value           uniform (0 0 0);
    }
    hole
    {
        type            calculated;
        value           nonuniform List<vector> 
1600
(
(0.00060080032 0.00063634368 2.4101991e-06)
(0.00052500849 0.00065089879 1.7414795e-06)
(0.00047019784 0.00068272628 1.3204335e-06)
(0.00039336141 0.00066869546 1.3364707e-06)
(0.00027809322 0.00057397962 1.9819132e-06)
(0.00019653138 0.00052553281 1.9745621e-06)
(0.00014880914 0.00052874029 1.6060865e-06)
(0.00011013744 0.00054448819 1.2860624e-06)
(6.3747136e-05 0.00053398878 1.0911794e-06)
(1.830247e-05 0.00051953922 1.1160409e-06)
(0.00063369992 0.00066823261 5.3376475e-06)
(0.00054504459 0.00067412031 4.6601917e-06)
(0.0004800941 0.00069617402 4.3503067e-06)
(0.00039352225 0.00066996643 4.8735514e-06)
(0.00028326247 0.00058754111 6.3829243e-06)
(0.00020434279 0.00054659634 6.166549e-06)
(0.00015526066 0.00054918485 4.85991e-06)
(0.00011387522 0.00056154879 3.9518305e-06)
(6.580668e-05 0.00054654947 3.5422117e-06)
(1.9050275e-05 0.00053166257 3.3239366e-06)
(0.00066115599 0.00069619211 5.5924322e-06)
(0.00056644748 0.00070054615 5.5561012e-06)
(0.00049555047 0.00071911847 6.0806111e-06)
(0.00040264839 0.00068819685 7.4924799e-06)
(0.00029771712 0.00062122805 9.3052634e-06)
(0.00022060274 0.00058749088 8.8857209e-06)
(0.00016815149 0.00058843953 7.2531934e-06)
(0.00012101612 0.00059323102 6.3290014e-06)
(6.942902e-05 0.00057192314 6.0317955e-06)
(2.0346218e-05 0.00055628734 5.3658692e-06)
(0.00067748424 0.00071316498 6.5764253e-06)
(0.00058191389 0.00071994229 6.533631e-06)
(0.00050762358 0.0007379086 7.0300562e-06)
(0.00041266908 0.0007089695 8.8151438e-06)
(0.00031457516 0.00065952601 1.0350368e-05)
(0.00023945533 0.00063502278 9.8615839e-06)
(0.00018318488 0.00063506422 8.4596764e-06)
(0.00012988824 0.00063245162 8.1163069e-06)
(7.4002281e-05 0.00060545012 8.0329139e-06)
(2.2024645e-05 0.00058761511 6.7809578e-06)
(0.00070247301 0.00073864937 8.3032969e-06)
(0.00060137494 0.00074364204 8.0844427e-06)
(0.00052146931 0.00075919219 8.2448104e-06)
(0.00042595132 0.00073560235 9.9016953e-06)
(0.00033310107 0.00070078307 1.0799223e-05)
(0.00025852386 0.00068394553 9.8141253e-06)
(0.00019802877 0.00068199117 8.6608633e-06)
(0.00013879079 0.00067274251 9.33845e-06)
(7.8782648e-05 0.00064168659 9.3622771e-06)
(2.3834793e-05 0.00062183723 7.8073847e-06)
(0.00072794213 0.00076462751 9.319202e-06)
(0.00062209429 0.00076902902 9.3874288e-06)
(0.000535736 0.00078129613 9.370653e-06)
(0.00044126547 0.00076565034 1.0443318e-05)
(0.00035192557 0.00074291918 1.0657219e-05)
(0.0002765299 0.00073029234 9.2639052e-06)
(0.00021102933 0.00072452654 8.6197599e-06)
(0.00014677445 0.00071075013 1.0175164e-05)
(8.3442741e-05 0.00067753441 1.020695e-05)
(2.5644419e-05 0.00065553076 8.6952842e-06)
(0.00074516629 0.00078295176 9.3477786e-06)
(0.00063935494 0.00079124188 1.0092122e-05)
(0.00054956312 0.00080304469 1.0320374e-05)
(0.00045565759 0.00079325239 1.0773671e-05)
(0.00036820217 0.00077932902 1.0295704e-05)
(0.0002911939 0.00076870384 8.8490679e-06)
(0.0002215883 0.00076124503 8.8391539e-06)
(0.00015392998 0.00074626748 1.0812465e-05)
(8.7921856e-05 0.00071184397 1.0776303e-05)
(2.7416784e-05 0.00068883314 9.5817742e-06)
(0.00075292547 0.00079238234 9.0889395e-06)
(0.00065300857 0.00080994732 1.0207846e-05)
(0.0005617527 0.00082246113 1.0572326e-05)
(0.00046869603 0.0008178689 1.0914968e-05)
(0.00038170225 0.00080929539 1.0176323e-05)
(0.00030290214 0.00080059006 8.8989497e-06)
(0.0002310559 0.00079562948 9.3972443e-06)
(0.00016080994 0.00078020091 1.1241774e-05)
(9.2182991e-05 0.0007441832 1.1240182e-05)
(2.9084862e-05 0.00072196045 1.0414317e-05)
(0.00075467886 0.0007957272 9.6204075e-06)
(0.00066270777 0.00082393375 1.0222903e-05)
(0.00057128116 0.00083805414 1.0562867e-05)
(0.00047978839 0.00083862823 1.0852427e-05)
(0.00039279983 0.00083390088 1.0260847e-05)
(0.00031323376 0.00082958095 9.3549401e-06)
(0.00024019144 0.00082886035 9.964518e-06)
(0.00016731575 0.00081153402 1.147197e-05)
(9.6133551e-05 0.00077431888 1.1637303e-05)
(3.0607891e-05 0.00075540666 1.1171397e-05)
(0.00075937281 0.00080208597 1.1058692e-05)
(0.00067144216 0.00083613958 1.0517299e-05)
(0.0005797255 0.00085155182 1.0686328e-05)
(0.00048967935 0.00085706735 1.0710541e-05)
(0.00040268951 0.00085600414 1.0389684e-05)
(0.0003232919 0.00085797307 9.8125256e-06)
(0.00024879621 0.00085964453 1.0341675e-05)
(0.0001731101 0.00083897511 1.1608248e-05)
(9.9600098e-05 0.00080255177 1.2028924e-05)
(3.1944438e-05 0.00078912815 1.1671345e-05)
(0.00077081056 0.00081578475 1.0900233e-05)
(0.0006795181 0.00084606793 1.0244926e-05)
(0.00058738374 0.00086326616 1.0480419e-05)
(0.00049793033 0.00087249085 1.061868e-05)
(0.00041198675 0.00087721175 1.0448763e-05)
(0.00033304136 0.00088537436 1.0095857e-05)
(0.00025650539 0.00088677575 1.0537927e-05)
(0.00017803448 0.00086226789 1.161362e-05)
(0.00010266838 0.00082956601 1.2398863e-05)
(3.3171331e-05 0.00082299191 1.1943252e-05)
(0.00077339018 0.00082045012 9.2269026e-06)
(0.00068335583 0.00085141532 9.6615321e-06)
(0.00059261701 0.00087170301 1.0170926e-05)
(0.00050478139 0.00088572952 1.0454985e-05)
(0.00042020184 0.00089612952 1.0434137e-05)
(0.00034158959 0.00090940045 1.0187185e-05)
(0.0002627282 0.00090826577 1.0565409e-05)
(0.00018184147 0.00088092596 1.1619991e-05)
(0.00010538731 0.00085569445 1.2665435e-05)
(3.4273864e-05 0.00085523099 1.1672758e-05)
(0.00077087457 0.0008213333 7.1682077e-06)
(0.00068194663 0.00085067743 9.7240972e-06)
(0.00059555369 0.00087727831 1.010879e-05)
(0.00051027117 0.00089681813 1.021233e-05)
(0.00042730184 0.0009126033 1.0339587e-05)
(0.00034834195 0.00092810383 9.972183e-06)
(0.00026725481 0.00092335638 1.0349411e-05)
(0.00018482562 0.00089629486 1.1565105e-05)
(0.00010781411 0.00087992566 1.2697798e-05)
(3.5250544e-05 0.00088483725 1.0911406e-05)
(0.00076180125 0.00081699122 6.0552712e-06)
(0.0006843376 0.00085504231 9.3531607e-06)
(0.00059849042 0.00088209686 1.0011092e-05)
(0.00051458604 0.00090517506 9.8638652e-06)
(0.00043279072 0.00092504448 9.9006745e-06)
(0.00035269719 0.00093943492 9.3981312e-06)
(0.00026975691 0.0009314064 9.9055069e-06)
(0.00018684471 0.00090799545 1.1353676e-05)
(0.0001098425 0.0009010493 1.2247576e-05)
(3.6081764e-05 0.0009087995 9.4911937e-06)
(0.00075053759 0.00080794834 5.9955762e-06)
(0.00068567186 0.00085813655 8.1401487e-06)
(0.00059964622 0.00088388516 9.3150394e-06)
(0.00051670167 0.00090907798 8.9342008e-06)
(0.00043516391 0.00093023759 8.7785028e-06)
(0.00035385646 0.00094189516 8.2582404e-06)
(0.00027005116 0.00093241033 9.0615912e-06)
(0.00018786165 0.00091614041 1.0818474e-05)
(0.00011121362 0.00091672307 1.0930441e-05)
(3.6726277e-05 0.0009275355 7.1109614e-06)
(0.0007477914 0.00080416392 5.8593204e-06)
(0.0006829445 0.00085477637 6.3790757e-06)
(0.00059687118 0.00087945297 7.3921198e-06)
(0.0005132521 0.00090236282 6.8460318e-06)
(0.00043136658 0.00092160318 6.5371571e-06)
(0.00035008842 0.00093127941 6.3126243e-06)
(0.00026725348 0.00092385432 7.5830243e-06)
(0.00018759159 0.0009179565 9.6828166e-06)
(0.00011121759 0.00092082193 8.9280961e-06)
(3.6717155e-05 0.00093350136 4.1407153e-06)
(0.00074618161 0.00079871961 4.147234e-06)
(0.00067386068 0.00084201002 3.8272227e-06)
(0.00058655718 0.00086304226 4.1787602e-06)
(0.00050117176 0.00087991035 3.8185852e-06)
(0.00041951898 0.00089566171 3.4487438e-06)
(0.00034038095 0.00090608449 3.5094145e-06)
(0.00026054277 0.00090432629 5.1445536e-06)
(0.00018543176 0.00091404243 7.0812074e-06)
(0.00011110671 0.00092473314 5.4072355e-06)
(3.66991e-05 0.00093429127 3.8723742e-07)
(0.00074039516 0.00078738929 1.4925421e-06)
(0.00066204316 0.00082408483 -7.5169655e-08)
(0.00057429886 0.00084231997 -6.8367679e-07)
(0.00048931039 0.00085678744 -1.3918771e-06)
(0.00040708531 0.00086644155 -1.6398255e-06)
(0.00032666976 0.00086891622 -1.3821101e-07)
(0.00024882406 0.00086879183 3.0467281e-06)
(0.0001782468 0.00088874052 4.9911588e-06)
(0.00010774731 0.00090934915 2.6242723e-06)
(3.5356466e-05 0.00091446824 -2.7163704e-06)
(0.0007625217 0.0008029747 -6.4158891e-06)
(0.00067327818 0.00083137511 -8.7349031e-06)
(0.0005787467 0.00084255541 -1.0239975e-05)
(0.00048654824 0.00084585262 -1.1816182e-05)
(0.00039873622 0.00084506857 -1.2241813e-05)
(0.00031724477 0.00084669346 -1.0574286e-05)
(0.00024246219 0.00085943562 -5.9400194e-06)
(0.00017638877 0.00089627442 -1.8500447e-06)
(0.00010774921 0.00091705122 -2.4552163e-06)
(3.5034291e-05 0.00089822449 -4.8008564e-06)
(0.00071314535 0.00073804386 -5.6136829e-06)
(0.00060858784 0.00073779368 -6.5518957e-06)
(0.00050563116 0.00072233205 -7.2060855e-06)
(0.00040706821 0.00069660823 -7.9128999e-06)
(0.00032394599 0.00068259047 -8.3184026e-06)
(0.0002561913 0.00069327669 -8.0153444e-06)
(0.00020327034 0.00074499223 -5.7635482e-06)
(0.00015274707 0.00082034316 -4.0115698e-06)
(9.552827e-05 0.00086464652 -3.5093256e-06)
(2.9783357e-05 0.00085355882 -3.6283048e-06)
(0.001949014 3.7285172e-05 1.6283674e-05)
(0.0017335667 0.00016924204 1.7200632e-05)
(0.0014908928 0.00026600953 1.8361266e-05)
(0.0012703187 0.00033521134 1.8573806e-05)
(0.001087762 0.00038594668 1.7653122e-05)
(0.00095143394 0.00043059961 1.5878437e-05)
(0.00085838492 0.00047758388 1.2538356e-05)
(0.00078296727 0.00052081126 8.6760929e-06)
(0.00071143093 0.0005571403 5.9073062e-06)
(0.00066212554 0.00060385072 3.7263873e-06)
(0.0021368663 5.0837619e-05 1.802061e-05)
(0.0019405467 0.00019732087 1.8959741e-05)
(0.0017192586 0.00031254448 1.94494e-05)
(0.0014979149 0.00039760049 1.8924926e-05)
(0.0013025111 0.00046147979 1.7819941e-05)
(0.0011421444 0.00051289323 1.6050249e-05)
(0.0010125795 0.00055632064 1.3633354e-05)
(0.00089889081 0.00059079341 1.1507463e-05)
(0.0008002198 0.00062100261 9.7303623e-06)
(0.00072079972 0.00065270784 6.9723332e-06)
(0.0021601159 5.3837358e-05 2.8332758e-06)
(0.0019749874 0.00020181999 2.8723798e-06)
(0.0017610532 0.00032027908 2.7080678e-06)
(0.0015412949 0.00040851565 2.6375094e-06)
(0.0013461579 0.00047579349 3.0211051e-06)
(0.0011857981 0.00053071029 4.0411113e-06)
(0.0010548876 0.00057805834 5.3408059e-06)
(0.00094376268 0.00061938641 6.4005992e-06)
(0.00084775024 0.00065598621 7.0241685e-06)
(0.00075762519 0.00068407127 6.1797204e-06)
(0.0021094762 4.7021303e-05 -4.431813e-06)
(0.0019197421 0.00019175479 -4.151141e-06)
(0.0016978226 0.00030559338 -3.3111208e-06)
(0.0014832619 0.0003919689 -1.9544248e-06)
(0.00129682 0.0004594933 -6.4531853e-07)
(0.0011586147 0.00052203023 1.6495464e-06)
(0.0010477172 0.00057796242 4.1065147e-06)
(0.0009514237 0.00062679505 5.9875514e-06)
(0.00086652797 0.00067137009 7.3555804e-06)
(0.00077695211 0.00070125758 7.108544e-06)
(0.002135181 4.7151765e-05 4.0831202e-06)
(0.0019493326 0.00019525923 6.2055203e-06)
(0.0017359607 0.00031348457 8.1148722e-06)
(0.0015288825 0.00040508403 9.602075e-06)
(0.0013459845 0.00047830147 1.0600702e-05)
(0.0012188562 0.0005515397 1.0607137e-05)
(0.0011132933 0.00061616961 9.9604925e-06)
(0.001004686 0.00066251513 9.268602e-06)
(0.00091066934 0.00070508119 9.429274e-06)
(0.00081177518 0.00073171547 9.0581876e-06)
(0.0021776067 5.3194504e-05 9.4125091e-06)
(0.0020202265 0.00020769273 1.1777459e-05)
(0.0018352659 0.00033719629 1.3988387e-05)
(0.0016465662 0.00044150503 1.529693e-05)
(0.0014712922 0.00052579691 1.6407507e-05)
(0.0013251758 0.00059881042 1.4469283e-05)
(0.0011905446 0.00065615434 1.1534422e-05)
(0.0010641213 0.00069929734 1.0112326e-05)
(0.00095607842 0.00073805574 1.0003683e-05)
(0.0008461434 0.00076108535 9.701323e-06)
(0.002239839 6.0166003e-05 1.1085993e-05)
(0.0020975496 0.00021999145 1.3092671e-05)
(0.0019212146 0.00035601869 1.471105e-05)
(0.0017330107 0.00046655967 1.4916743e-05)
(0.0015534716 0.00055452292 1.4128097e-05)
(0.001376438 0.00061890884 1.1411646e-05)
(0.0012199092 0.00066970513 8.4045648e-06)
(0.0010939527 0.00071709532 7.8960528e-06)
(0.00098430408 0.00075778381 8.8895443e-06)
(0.00086723678 0.00077850658 8.95887e-06)
(0.0022649844 6.4135812e-05 1.0181891e-05)
(0.0021431449 0.00022813403 1.2691848e-05)
(0.0019787978 0.00036887472 1.3957486e-05)
(0.0017901164 0.00048197243 1.3247029e-05)
(0.0015864858 0.00056412335 1.0594074e-05)
(0.001387979 0.00062028131 7.490405e-06)
(0.0012217815 0.00066766636 5.2313674e-06)
(0.0011036532 0.00072189409 5.6176988e-06)
(0.00099539677 0.00076457822 7.7983754e-06)
(0.00087473875 0.00078419649 8.4400159e-06)
(0.002320022 6.8858203e-05 1.1865829e-05)
(0.0022118062 0.00023806764 1.2887593e-05)
(0.0020451592 0.00038192498 1.2117772e-05)
(0.0018317965 0.00049073104 9.1985889e-06)
(0.0015976452 0.00056331396 5.4380481e-06)
(0.0013817993 0.0006126076 2.8458458e-06)
(0.0012134997 0.0006591447 1.6502704e-06)
(0.0010946665 0.00071396344 2.7982423e-06)
(0.00099423914 0.00076338651 6.4303003e-06)
(0.00087455174 0.00078366842 8.7836138e-06)
(0.0023491344 7.2124106e-05 9.8419031e-06)
(0.0022289803 0.00023978367 7.6636725e-06)
(0.0020403422 0.00037783906 4.3455962e-06)
(0.0018018511 0.00047594268 4.4828065e-07)
(0.0015503249 0.00053794574 -1.7752485e-06)
(0.0013331072 0.00058383419 -1.9612965e-06)
(0.0011677318 0.00062970047 -1.360958e-06)
(0.0010605948 0.00069131175 1.5304466e-07)
(0.00098339036 0.00075825459 4.157455e-06)
(0.00087719408 0.00078765831 9.2023217e-06)
(0.0022886119 6.7663277e-05 2.4253342e-06)
(0.0021523837 0.00022530974 1.1439688e-06)
(0.0019681905 0.00035544544 3.1290833e-07)
(0.0017517645 0.00045423267 1.365032e-06)
(0.0015175076 0.00052013917 7.8642716e-07)
(0.0012905622 0.00055960488 -8.0774796e-07)
(0.0011154829 0.00059746433 -2.2750643e-06)
(0.0010097099 0.00065765485 -2.7786665e-06)
(0.00095627079 0.00074160014 -7.3589014e-09)
(0.00087549644 0.0007907756 7.9709154e-06)
(0.002213859 6.3393578e-05 1.4631442e-06)
(0.0021375578 0.00022105181 4.4503397e-06)
(0.0019976739 0.000358035 4.9745784e-06)
(0.0017864324 0.00045938769 4.436249e-06)
(0.0015226623 0.00051600141 3.688921e-06)
(0.0012776898 0.00054789816 2.2925151e-06)
(0.0010758715 0.00057085839 3.0587836e-07)
(0.00094588325 0.00061304807 -2.0715518e-06)
(0.0009013474 0.00070242022 -2.5525111e-06)
(0.00086029707 0.00078546626 4.6592909e-06)
(0.0022468133 6.0236406e-05 2.673521e-06)
(0.0021603436 0.00021978417 2.3364507e-06)
(0.0019998196 0.00035641418 1.6105829e-06)
(0.0017864748 0.00045928675 2.1018142e-06)
(0.001535663 0.00052084092 3.4389658e-06)
(0.0012923381 0.00055281227 4.1414579e-06)
(0.0010655376 0.00056050408 2.6707258e-06)
(0.00089327938 0.00057440957 2.3160373e-07)
(0.00083206556 0.00065040535 -8.3090126e-07)
(0.00083152452 0.00076826782 2.6951354e-06)
(0.0022254585 5.6657946e-05 -5.8297421e-07)
(0.00213168 0.00021494256 -7.7655212e-07)
(0.0019671386 0.00034965286 -2.4267968e-07)
(0.0017533171 0.00045114717 5.2728939e-07)
(0.00152327 0.00051806978 2.1955529e-06)
(0.0012927956 0.00055261993 4.0797478e-06)
(0.0010563466 0.00055220738 4.279636e-06)
(0.00085812431 0.00054861703 2.7839763e-06)
(0.00078508911 0.00061579706 3.0959665e-06)
(0.00080892146 0.00075320811 4.1208373e-06)
(0.0022005791 5.5038518e-05 4.7198452e-07)
(0.0020888719 0.00020911528 3.9725355e-07)
(0.0019128978 0.00033899822 7.7153977e-07)
(0.0016961515 0.00043590518 1.5985632e-06)
(0.0014828116 0.00050547794 2.9897783e-06)
(0.0012754174 0.00054674055 4.8990624e-06)
(0.0010520307 0.00054943182 6.8434243e-06)
(0.0008352275 0.00053214066 7.5185395e-06)
(0.00077157277 0.00060560846 8.6996263e-06)
(0.00080159202 0.00074711426 7.1064929e-06)
(0.0021875899 5.4958388e-05 3.2786737e-07)
(0.0020600812 0.00020774215 2.4010755e-06)
(0.0018784912 0.0003350338 4.648725e-06)
(0.0016709343 0.00043192268 6.7467032e-06)
(0.0014591509 0.00049920948 7.9411115e-06)
(0.001263417 0.00054371497 9.4570809e-06)
(0.0010559527 0.00055410038 1.1387573e-05)
(0.00085395276 0.00054600919 1.3467309e-05)
(0.00079787942 0.00062358715 1.4319818e-05)
(0.0008044573 0.00074525358 9.240104e-06)
(0.0022050964 5.5271595e-05 2.0482393e-06)
(0.0020874288 0.00021294056 4.4901366e-06)
(0.0019169495 0.00034623156 7.0318058e-06)
(0.0017224883 0.00045084513 9.3550446e-06)
(0.0015204082 0.00052630638 1.1428602e-05)
(0.0013271931 0.00057684996 1.3497698e-05)
(0.0011181301 0.00059127433 1.5441011e-05)
(0.00092209712 0.0005917193 1.6535216e-05)
(0.00086055494 0.00066815066 1.4131711e-05)
(0.00081910729 0.00075111981 7.9951624e-06)
(0.0022596929 5.9074953e-05 3.0587654e-06)
(0.0021639527 0.00022368856 4.3044432e-06)
(0.0020134761 0.00036691956 5.6426294e-06)
(0.0018286446 0.00048219557 7.0326055e-06)
(0.0016264482 0.00056684194 8.7039292e-06)
(0.0014218053 0.00062223782 1.0486379e-05)
(0.0012092884 0.00064450045 1.3159446e-05)
(0.0010189582 0.00065411046 1.3736108e-05)
(0.00090412382 0.00069492927 9.1977234e-06)
(0.0008207996 0.00074508136 4.1723116e-06)
(0.0022768799 6.1373499e-05 1.0151323e-06)
(0.0021934756 0.0002282217 1.2373408e-06)
(0.0020595863 0.00037626665 1.4850715e-06)
(0.001885488 0.00049768225 1.5409567e-06)
(0.0016951918 0.00059169779 1.8008905e-06)
(0.0014967137 0.00065681009 2.1355083e-06)
(0.0012983274 0.00069422553 2.6361843e-06)
(0.0011075804 0.00070911825 2.367084e-06)
(0.00095663488 0.00072795296 -6.8468772e-07)
(0.00085390795 0.00076690902 -3.9984403e-06)
(0.0022762601 6.1525046e-05 -1.4027995e-07)
(0.0021955459 0.00022774028 -2.8196677e-07)
(0.002067688 0.00037645269 -3.9649288e-07)
(0.0019019988 0.0004997632 -5.7091552e-07)
(0.001710271 0.00059328778 -9.5272807e-07)
(0.0015086932 0.00065706118 -1.4791015e-06)
(0.0013026177 0.00069008999 -1.9306775e-06)
(0.0011111655 0.00070388158 -2.2905506e-06)
(0.00095070518 0.00071390058 -2.9999169e-06)
(0.00082564085 0.00072979053 -4.3338127e-06)
(-0.00015426785 0.00023582857 7.0847121e-08)
(-0.00025378391 0.00039523584 9.540105e-08)
(-0.00030752594 0.00053619057 1.2544146e-07)
(-0.00031892895 0.00064548375 1.67104e-07)
(-0.00029365683 0.00070760263 2.2696096e-07)
(-0.00024106771 0.00070956818 3.0601522e-07)
(-0.00017688276 0.0006601479 4.2412938e-07)
(-0.00011896459 0.00060150262 5.2961216e-07)
(-6.9208425e-05 0.00055718826 7.3823916e-07)
(-2.4804762e-05 0.00053442394 1.0242897e-06)
(-0.00015520912 0.00023691789 2.0510126e-07)
(-0.00025509981 0.00039702218 2.7518188e-07)
(-0.00030906857 0.00053866192 3.6332694e-07)
(-0.00032077592 0.00064907065 4.8792871e-07)
(-0.00029573658 0.00071258211 6.4659668e-07)
(-0.00024330468 0.00071645981 8.6935617e-07)
(-0.00017904225 0.00066890414 1.1498114e-06)
(-0.00012063153 0.00061145224 1.4493137e-06)
(-7.0087203e-05 0.00056740469 1.9267913e-06)
(-2.4970903e-05 0.00054605631 2.7095442e-06)
(-0.00015713047 0.00023914966 3.2300487e-07)
(-0.00025757645 0.00040038908 4.3472517e-07)
(-0.00031205844 0.00054349448 5.794969e-07)
(-0.00032429422 0.00065586311 7.7640672e-07)
(-0.00029959233 0.00072179878 1.0210542e-06)
(-0.00024742842 0.00072889583 1.3586395e-06)
(-0.00018283063 0.00068412168 1.7563308e-06)
(-0.00012371193 0.00062925595 2.1861871e-06)
(-7.19094e-05 0.00058647942 2.8196401e-06)
(-2.526365e-05 0.00056728126 3.976492e-06)
(-0.00015986138 0.00024234618 4.2535963e-07)
(-0.00026117079 0.00040529651 5.7740732e-07)
(-0.00031633984 0.00055041687 7.7402939e-07)
(-0.00032929419 0.00066555006 1.0249561e-06)
(-0.0003050639 0.00073487634 1.3498429e-06)
(-0.00025318495 0.00074632518 1.7589443e-06)
(-0.00018813733 0.00070537507 2.253086e-06)
(-0.00012787502 0.00065329147 2.7199304e-06)
(-7.4448979e-05 0.00061231628 3.4608832e-06)
(-2.587104e-05 0.00059542773 4.910671e-06)
(-0.0001632875 0.00024637006 5.211573e-07)
(-0.00026574583 0.00041155196 7.062026e-07)
(-0.00032169088 0.00055903831 9.4679891e-07)
(-0.00033547312 0.0006775222 1.2418335e-06)
(-0.00031175259 0.00075077077 1.6273611e-06)
(-0.00026005142 0.00076700045 2.088323e-06)
(-0.00019438725 0.00073010917 2.6389296e-06)
(-0.00013269728 0.00068070304 3.1078724e-06)
(-7.749645e-05 0.0006419265 3.9357281e-06)
(-2.6727382e-05 0.00062704896 5.6315578e-06)
(-0.0001672096 0.00025100855 6.1289333e-07)
(-0.00027108987 0.00041886206 8.1689671e-07)
(-0.00032795641 0.00056913278 1.0951205e-06)
(-0.00034265877 0.0006914425 1.4330262e-06)
(-0.00031945909 0.00076908816 1.8679663e-06)
(-0.00026788184 0.00079058922 2.3917524e-06)
(-0.00020141099 0.00075788334 3.0046612e-06)
(-0.00013795258 0.00071049188 3.5005636e-06)
(-8.0852564e-05 0.00067357026 4.4117053e-06)
(-2.7747295e-05 0.00065949295 6.3557466e-06)
(-0.00017162905 0.00025624248 6.9439668e-07)
(-0.00027698608 0.00042692733 9.047647e-07)
(-0.00033494727 0.00058041657 1.2169334e-06)
(-0.00035063373 0.00070688884 1.593497e-06)
(-0.00032798105 0.00078939124 2.0680162e-06)
(-0.00027651754 0.00081666239 2.6574559e-06)
(-0.00020908947 0.00078842521 3.3426626e-06)
(-0.00014360586 0.00074267431 3.9024184e-06)
(-8.437443e-05 0.00070681338 4.8853243e-06)
(-2.8823785e-05 0.0006925903 7.1376258e-06)
(-0.00017637463 0.00026186211 7.6662174e-07)
(-0.00028318478 0.00043542262 9.6904226e-07)
(-0.00034251411 0.00059266107 1.3092357e-06)
(-0.000359249 0.00072356359 1.7126887e-06)
(-0.00033715049 0.00081129311 2.22544e-06)
(-0.00028580804 0.00084483001 2.8661326e-06)
(-0.00021736796 0.00082161875 3.6363408e-06)
(-0.00014962801 0.00077726702 4.2689657e-06)
(-8.8036661e-05 0.00074176478 5.2844843e-06)
(-2.99359e-05 0.00072678161 7.8466336e-06)
(-0.00018165067 0.00026804489 8.0340713e-07)
(-0.00028967428 0.00044429965 9.9727217e-07)
(-0.00035043505 0.00060550375 1.3641098e-06)
(-0.00036822634 0.00074096374 1.778381e-06)
(-0.00034681366 0.00083441873 2.3283412e-06)
(-0.0002955378 0.00087449546 2.9995731e-06)
(-0.0002261123 0.00085700388 3.8451574e-06)
(-0.00015594722 0.00081399143 4.5539518e-06)
(-9.1776435e-05 0.00077820776 5.5329543e-06)
(-3.1106032e-05 0.00076232401 8.3149064e-06)
(-0.0001867277 0.00027404686 8.1771695e-07)
(-0.00029596591 0.00045298197 9.9925551e-07)
(-0.00035851235 0.00061863676 1.3819571e-06)
(-0.00037733224 0.00075865144 1.7847959e-06)
(-0.00035671971 0.00085817242 2.3637472e-06)
(-0.00030549112 0.00090499324 3.0412945e-06)
(-0.00023513934 0.00089387652 3.9460188e-06)
(-0.00016243667 0.00085218345 4.7079533e-06)
(-9.5508588e-05 0.00081545758 5.5992769e-06)
(-3.2256552e-05 0.00079848821 8.4301702e-06)
(-0.00019193432 0.00028017038 8.0320108e-07)
(-0.00030231975 0.0004617499 9.8075994e-07)
(-0.00036656411 0.00063169371 1.3575236e-06)
(-0.00038622934 0.00077599344 1.7286125e-06)
(-0.00036659755 0.00088188141 2.3204768e-06)
(-0.00031532407 0.00093530647 2.9711177e-06)
(-0.0002442689 0.00093140114 3.912593e-06)
(-0.00016893556 0.00089089825 4.6915127e-06)
(-9.9109946e-05 0.00085273959 5.4586934e-06)
(-3.3427613e-05 0.0008347857 8.1402648e-06)
(-0.00019682974 0.00028593279 7.5322858e-07)
(-0.00030845964 0.00047022103 9.3421028e-07)
(-0.00037425051 0.0006441109 1.2759956e-06)
(-0.00039463313 0.00079245167 1.6230174e-06)
(-0.00037605853 0.00090459904 2.1880457e-06)
(-0.00032464769 0.00096424457 2.7971885e-06)
(-0.0002531257 0.00096799816 3.7110387e-06)
(-0.00017520243 0.00092860359 4.5160223e-06)
(-0.00010244832 0.00088866179 5.1404752e-06)
(-3.4530475e-05 0.00086903337 7.4558431e-06)
(-0.00020129756 0.00029120115 6.8755429e-07)
(-0.00031420023 0.00047811667 8.5579959e-07)
(-0.00038119364 0.0006553203 1.1373944e-06)
(-0.00040236121 0.00080759454 1.4800531e-06)
(-0.00038471091 0.00092537474 1.9619429e-06)
(-0.0003332134 0.00099089696 2.5267715e-06)
(-0.00026126615 0.0010019366 3.3201997e-06)
(-0.00018115001 0.00096465508 4.1173924e-06)
(-0.00010545708 0.00092228156 4.6481742e-06)
(-3.543006e-05 0.00089995534 6.3262647e-06)
(-0.0002048924 0.00029548595 5.9957827e-07)
(-0.00031891507 0.00048472039 7.6539283e-07)
(-0.00038702952 0.0006648907 9.6348858e-07)
(-0.00040919993 0.00082098921 1.2974864e-06)
(-0.00039207917 0.00094310721 1.6505842e-06)
(-0.0003406969 0.0010141202 2.1628632e-06)
(-0.00026812514 0.0010306883 2.7643423e-06)
(-0.00018629123 0.00099625902 3.4763467e-06)
(-0.00010810689 0.00095153903 4.002783e-06)
(-3.604319e-05 0.00092449058 4.8519494e-06)
(-0.0002081512 0.00029933793 5.0080342e-07)
(-0.00032329101 0.00049068466 6.5967979e-07)
(-0.00039180388 0.00067269393 7.8234596e-07)
(-0.00041498034 0.00083219163 1.0628885e-06)
(-0.00039786461 0.00095707974 1.2859707e-06)
(-0.00034685068 0.0010330653 1.6865668e-06)
(-0.00027341034 0.0010530554 2.0480182e-06)
(-0.00019037588 0.0010220843 2.5488445e-06)
(-0.00011041523 0.00097585115 2.9654579e-06)
(-3.6348956e-05 0.00094278081 3.0507881e-06)
(-0.00021077259 0.00030244045 4.0949159e-07)
(-0.00032680074 0.00049545503 5.1254495e-07)
(-0.00039543951 0.00067861501 6.2017248e-07)
(-0.00041927013 0.0008404394 7.8272473e-07)
(-0.00040189196 0.0009667471 9.3198899e-07)
(-0.00035101229 0.0010456002 1.1388931e-06)
(-0.00027659216 0.0010663755 1.3155759e-06)
(-0.0001927857 0.00103696 1.4999573e-06)
(-0.00011176785 0.00098807339 1.7371516e-06)
(-3.6394576e-05 0.00094957524 1.3445419e-06)
(-0.00021285602 0.00030487076 3.2949465e-07)
(-0.00032924267 0.00049877936 3.5912658e-07)
(-0.00039813212 0.00068293461 4.6875557e-07)
(-0.00042197374 0.00084558717 5.032898e-07)
(-0.00040445936 0.00097278108 5.812549e-07)
(-0.00035324703 0.001052208 5.6858855e-07)
(-0.00027826867 0.0010731247 5.1850569e-07)
(-0.00019377504 0.0010430921 2.7594575e-07)
(-0.00011242423 0.0009930257 3.8678943e-08)
(-3.6370143e-05 0.00095076383 -6.492304e-07)
(-0.00021451712 0.00030676361 2.3155762e-07)
(-0.0003306427 0.00050069034 2.4012548e-07)
(-0.00039996243 0.00068576077 3.0669276e-07)
(-0.00042314854 0.00084771591 2.7535096e-07)
(-0.00040536748 0.00097461685 2.8692694e-07)
(-0.00035322644 0.0010514871 1.3184593e-07)
(-0.00027754224 0.0010687885 -7.5630121e-08)
(-0.00019253912 0.0010325557 -6.0012354e-07)
(-0.00011144517 0.000977045 -1.1943663e-06)
(-3.651719e-05 0.00093233644 -2.1300606e-06)
(-0.0002153994 0.00030778527 1.2886344e-07)
(-0.00033166365 0.0005020435 1.4348773e-07)
(-0.0004007231 0.00068685022 1.4358076e-07)
(-0.00042355408 0.00084845499 1.2378868e-07)
(-0.00040544484 0.00097444612 4.7115309e-08)
(-0.00035248067 0.0010488372 -1.4600525e-07)
(-0.00027648386 0.0010632349 -5.0963273e-07)
(-0.00019102475 0.0010216346 -1.280703e-06)
(-0.00011064941 0.00096361511 -2.0995773e-06)
(-3.6857319e-05 0.00091661704 -4.0928219e-06)
(-0.00021584415 0.0003082804 4.1636563e-08)
(-0.00033202665 0.00050248617 4.6624898e-08)
(-0.00040079781 0.00068698752 3.1232196e-08)
(-0.00042352739 0.00084813515 3.5119001e-08)
(-0.00040442516 0.00097170787 -4.3218249e-08)
(-0.00035088768 0.0010429514 -1.3960217e-07)
(-0.00027370416 0.0010494819 -4.1507245e-07)
(-0.00018783312 0.0009981266 -9.1586115e-07)
(-0.00010946997 0.00093252082 -1.5511994e-06)
(-3.7457808e-05 0.0008686489 -3.2877631e-06)
(0.0012273908 -5.1695438e-05 4.9591046e-09)
(0.001217135 -0.00013948261 2.7189478e-08)
(0.001154236 -0.00021693793 1.482215e-08)
(0.0010454633 -0.00027464761 1.3313452e-08)
(0.00089833343 -0.00030334429 3.2538317e-08)
(0.00072264279 -0.0002978298 2.8324578e-08)
(0.00053067752 -0.00025474667 3.5972866e-08)
(0.00033629414 -0.00017495464 4.0301739e-08)
(0.00015079173 -6.2419926e-05 4.7068906e-08)
(-1.2723104e-05 7.5424455e-05 6.2290786e-08)
(0.0012273961 -5.1677456e-05 -2.4152329e-08)
(0.0012169646 -0.00013945033 3.5616274e-08)
(0.001154104 -0.00021690946 1.700354e-08)
(0.0010453677 -0.00027460589 4.266246e-08)
(0.00089799879 -0.00030321543 6.9353913e-08)
(0.00072241805 -0.00029772151 6.9220826e-08)
(0.00053026516 -0.0002545011 8.5108691e-08)
(0.00033579822 -0.00017460749 1.0562564e-07)
(0.00015015529 -6.1889668e-05 1.2598122e-07)
(-1.3539681e-05 7.6222135e-05 1.7448156e-07)
(0.0012276887 -5.1708163e-05 -9.1567942e-09)
(0.001217052 -0.00013943094 3.666137e-08)
(0.0011540293 -0.00021685965 2.828236e-08)
(0.0010451054 -0.00027450187 7.6009625e-08)
(0.00089760487 -0.00030305293 8.5136862e-08)
(0.0007219244 -0.00029747127 9.3894526e-08)
(0.00052959246 -0.00025408683 1.1344018e-07)
(0.00033482151 -0.0001739076 1.5088758e-07)
(0.00014896845 -6.0886764e-05 1.8711243e-07)
(-1.5093998e-05 7.7768831e-05 2.6913025e-07)
(0.0012277443 -5.170041e-05 4.0297444e-08)
(0.0012171537 -0.00013941788 6.2935814e-08)
(0.0011538332 -0.00021678383 5.0098575e-08)
(0.0010446618 -0.00027435463 8.831978e-08)
(0.00089713425 -0.00030285845 8.7323503e-08)
(0.00072123328 -0.00029711839 1.0099466e-07)
(0.00052865174 -0.00025350577 1.324118e-07)
(0.00033347749 -0.00017293028 1.8221003e-07)
(0.00014724546 -5.9415499e-05 2.3892704e-07)
(-1.734774e-05 8.0023781e-05 3.5260871e-07)
(0.0012277449 -5.1678779e-05 6.3658075e-08)
(0.0012172 -0.00013940299 6.5599909e-08)
(0.0011536158 -0.00021671045 4.3229285e-08)
(0.0010441916 -0.00027420272 6.7992244e-08)
(0.00089666535 -0.00030265131 7.8994862e-08)
(0.00072042265 -0.00029668695 1.0039736e-07)
(0.00052743615 -0.00025274696 1.4896582e-07)
(0.00033181059 -0.0001717054 2.1455234e-07)
(0.00014502528 -5.7509619e-05 2.9016877e-07)
(-2.0211612e-05 8.2893089e-05 4.3565796e-07)
(0.0012277843 -5.1678132e-05 7.6404314e-08)
(0.001217204 -0.000139398 6.7362297e-08)
(0.0011534833 -0.00021666693 4.2963904e-08)
(0.0010438765 -0.00027408275 5.3651107e-08)
(0.00089609721 -0.00030239009 8.055174e-08)
(0.00071950703 -0.00029618822 1.0990761e-07)
(0.0005260132 -0.00025184525 1.7223452e-07)
(0.00032982535 -0.00017023957 2.5186416e-07)
(0.00014238839 -5.5237497e-05 3.4312631e-07)
(-2.3782916e-05 8.6441514e-05 5.1221674e-07)
(0.0012279349 -5.1689198e-05 7.8297562e-08)
(0.0012171033 -0.00013936956 7.4520983e-08)
(0.0011532778 -0.00021661285 6.2113348e-08)
(0.0010435824 -0.00027396954 7.5547868e-08)
(0.00089548298 -0.00030210398 9.6430146e-08)
(0.00071847197 -0.00029562428 1.3565882e-07)
(0.00052438683 -0.00025081914 2.0531144e-07)
(0.00032760252 -0.00016859906 2.9146546e-07)
(0.00013937389 -5.2644483e-05 3.9432567e-07)
(-2.7821227e-05 9.0427731e-05 5.799836e-07)
(0.0012280236 -5.1661356e-05 7.9947654e-08)
(0.0012169298 -0.00013932063 7.1010366e-08)
(0.0011530264 -0.00021654175 7.6526358e-08)
(0.0010431263 -0.00027381168 1.0920428e-07)
(0.00089484419 -0.00030180915 1.1324416e-07)
(0.00071727176 -0.00029497957 1.6177148e-07)
(0.0005226043 -0.00024970663 2.3493298e-07)
(0.00032520748 -0.00016683853 3.217201e-07)
(0.00013611918 -4.983944e-05 4.3682701e-07)
(-3.2336175e-05 9.4840815e-05 6.1606064e-07)
(0.0012280889 -5.1614279e-05 8.1430285e-08)
(0.0012167512 -0.00013926545 4.5445801e-08)
(0.0011527828 -0.00021646319 7.3433374e-08)
(0.0010425669 -0.00027362172 1.2861601e-07)
(0.00089418845 -0.00030150778 1.2415321e-07)
(0.00071599059 -0.00029429314 1.7565171e-07)
(0.00052072587 -0.00024854017 2.5205768e-07)
(0.00032275472 -0.00016502729 3.3639803e-07)
(0.00013263537 -4.6861177e-05 4.6073754e-07)
(-3.6575568e-05 9.9062099e-05 6.4486544e-07)
(0.001228189 -5.1601916e-05 8.2440263e-08)
(0.0012167528 -0.000139242 1.9985863e-09)
(0.0011526528 -0.00021639561 7.4532034e-08)
(0.0010420041 -0.00027341749 1.3998047e-07)
(0.00089345349 -0.00030117352 1.3558654e-07)
(0.00071468642 -0.00029359522 1.8462822e-07)
(0.00051881584 -0.00024735404 2.6333357e-07)
(0.00032027526 -0.0001631952 3.4374875e-07)
(0.00012916063 -4.3849884e-05 4.7095467e-07)
(-4.1507045e-05 0.00010384858 6.4645198e-07)
(0.0012283445 -5.1630702e-05 7.5392876e-08)
(0.0012170716 -0.00013925064 1.1869337e-08)
(0.0011524662 -0.0002162956 1.0343107e-07)
(0.0010414345 -0.00027320558 1.3553465e-07)
(0.00089262894 -0.0003008096 1.3615156e-07)
(0.00071341528 -0.00029291779 1.8474493e-07)
(0.00051690043 -0.00024616802 2.613027e-07)
(0.00031782962 -0.00016138833 3.4181084e-07)
(0.00012565843 -4.0841935e-05 4.6370096e-07)
(-4.576693e-05 0.00010804981 6.1303788e-07)
(0.0012284861 -5.1652679e-05 8.1594739e-08)
(0.0012172816 -0.00013924369 8.2498444e-08)
(0.0011521238 -0.00021618552 1.0968349e-07)
(0.0010410073 -0.00027304751 9.3721961e-08)
(0.00089180833 -0.00030044795 1.1735636e-07)
(0.00071222688 -0.00029228369 1.7603824e-07)
(0.00051511101 -0.00024504732 2.4507345e-07)
(0.00031540741 -0.00015960124 3.3212044e-07)
(0.00012238416 -3.8029382e-05 4.3551714e-07)
(-4.9876985e-05 0.00011214655 5.8222311e-07)
(0.0012284817 -5.1634285e-05 8.317504e-08)
(0.0012171538 -0.00013923143 6.4288733e-08)
(0.0011520928 -0.00021617274 7.9639178e-08)
(0.0010407838 -0.00027293484 4.0733739e-08)
(0.00089107682 -0.00030010323 1.1277243e-07)
(0.00071113117 -0.00029168958 1.7776419e-07)
(0.00051347734 -0.00024400842 2.3624112e-07)
(0.00031304676 -0.00015786681 3.2389055e-07)
(0.00011939611 -3.5462079e-05 3.8923221e-07)
(-5.3755276e-05 0.0001160127 5.842955e-07)
(0.001228425 -5.1621829e-05 5.4886519e-08)
(0.0012172911 -0.00013924352 7.1413992e-08)
(0.0011519486 -0.00021612214 9.9427874e-08)
(0.0010406862 -0.00027285214 4.7972267e-08)
(0.00089033891 -0.00029975456 1.4242357e-07)
(0.00071013001 -0.0002911497 1.7819691e-07)
(0.00051194235 -0.00024303764 2.2088337e-07)
(0.00031090728 -0.0001563329 2.8771111e-07)
(0.00011696137 -3.3228037e-05 3.4165652e-07)
(-5.8429608e-05 0.00012031368 5.179443e-07)
(0.0012285261 -5.1602072e-05 9.8177084e-09)
(0.0012172973 -0.00013920546 8.5252161e-08)
(0.0011515055 -0.00021601652 8.218898e-08)
(0.0010405201 -0.00027278001 9.3534832e-08)
(0.00088959369 -0.00029943644 1.5156294e-07)
(0.00070926761 -0.00029069907 1.5371108e-07)
(0.00051057648 -0.00024218974 1.8371386e-07)
(0.00030914012 -0.00015504658 2.3432701e-07)
(0.00011471302 -3.1279992e-05 2.957756e-07)
(-6.1506576e-05 0.00012335589 4.0757162e-07)
(0.0012288221 -5.1609138e-05 -1.795624e-08)
(0.0012171758 -0.00013915774 6.1161938e-08)
(0.0011513621 -0.0002159602 3.9488633e-08)
(0.0010400678 -0.00027263306 1.1204932e-07)
(0.00088908819 -0.00029922996 9.6666929e-08)
(0.00070855699 -0.00029032237 1.1228555e-07)
(0.00050948942 -0.00024150515 1.2968203e-07)
(0.00030768573 -0.00015397513 1.8770538e-07)
(0.00011285597 -2.9663996e-05 2.4299619e-07)
(-6.4036115e-05 0.00012586259 3.2700455e-07)
(0.0012290577 -5.1614843e-05 1.6394446e-08)
(0.0012171022 -0.00013912856 1.7469246e-08)
(0.0011513285 -0.00021593332 1.648851e-08)
(0.0010396645 -0.00027251627 6.515513e-08)
(0.00088907282 -0.00029918744 4.6294281e-08)
(0.00070774935 -0.00028989359 8.5395986e-08)
(0.00050880497 -0.00024105768 1.0307437e-07)
(0.00030640682 -0.00015302639 1.5434118e-07)
(0.00011138054 -2.8395226e-05 2.045379e-07)
(-6.594008e-05 0.00012775537 2.4628344e-07)
(0.0012289803 -5.1585046e-05 5.5419899e-08)
(0.00121705 -0.00013912532 1.5341592e-08)
(0.0011513164 -0.00021593307 1.1355608e-08)
(0.0010396074 -0.00027248632 2.4063267e-08)
(0.0008889221 -0.00029909129 4.8414165e-08)
(0.00070716821 -0.00028958447 5.6818077e-08)
(0.00050822594 -0.00024068991 8.9812321e-08)
(0.00030547573 -0.00015233666 1.1114067e-07)
(0.0001102029 -2.7408751e-05 1.5416508e-07)
(-6.7164136e-05 0.00012898316 1.7368028e-07)
(0.0012288286 -5.1544157e-05 2.0567432e-08)
(0.0012168957 -0.00013911728 -8.9559073e-10)
(0.001151353 -0.00021595375 -1.4571414e-09)
(0.0010396607 -0.0002724846 9.9030457e-09)
(0.00088860016 -0.00029895501 3.2960486e-08)
(0.00070699502 -0.00028947818 2.4031438e-08)
(0.00050764444 -0.0002403313 5.7572635e-08)
(0.00030494666 -0.00015194826 6.2520542e-08)
(0.00010939984 -2.6728804e-05 9.0975149e-08)
(-6.8002435e-05 0.00012979841 1.065271e-07)
(0.0012289584 -5.1551786e-05 -1.2080446e-08)
(0.0012169693 -0.00013912034 -9.5141362e-09)
(0.0011514128 -0.00021595892 -4.3151774e-09)
(0.0010396556 -0.00027247373 2.8166252e-09)
(0.00088852351 -0.00029891746 6.0753826e-09)
(0.00070693658 -0.00028943229 5.6431742e-09)
(0.00050736757 -0.00024015789 1.7274296e-08)
(0.00030472234 -0.00015177765 1.8546753e-08)
(0.00010902358 -2.6403798e-05 2.868757e-08)
(-6.8419622e-05 0.00013020993 3.4593706e-08)
(0.0012182792 -0.0013116392 4.0944219e-06)
(0.0010723488 -0.0013630621 2.2340003e-06)
(0.00095261174 -0.0014346236 1.8320917e-06)
(0.0008469262 -0.0015282112 1.6471452e-06)
(0.00073727764 -0.0016180512 1.4712946e-06)
(0.00060510243 -0.0016533665 1.2476806e-06)
(0.00046410851 -0.0016578822 1.1236136e-06)
(0.00033029267 -0.0016924292 1.2806747e-06)
(0.00019923027 -0.0017566045 1.2497098e-06)
(6.4883487e-05 -0.0018372436 8.535075e-07)
(0.0012611616 -0.0013498443 1.0836349e-05)
(0.0010844823 -0.001370931 6.8436338e-06)
(0.00095692823 -0.0014381883 4.6637236e-06)
(0.00085161097 -0.0015351263 4.0262176e-06)
(0.00074178355 -0.0016261232 3.741393e-06)
(0.00060910396 -0.0016614864 3.0937121e-06)
(0.00046695981 -0.0016656437 2.9406517e-06)
(0.00033273865 -0.0017029788 3.1160435e-06)
(0.0002011027 -0.001769352 2.7718667e-06)
(6.5838097e-05 -0.0018489342 1.9304163e-06)
(0.0013239761 -0.0014153453 1.2027176e-05)
(0.0011182417 -0.0014021772 1.1820056e-05)
(0.00096467831 -0.0014429038 8.2226131e-06)
(0.00085495117 -0.0015392355 6.5051949e-06)
(0.00074542828 -0.0016333232 5.4448608e-06)
(0.00061146776 -0.0016666671 4.5554328e-06)
(0.0004698529 -0.0016754507 4.4516148e-06)
(0.00033538693 -0.0017159471 4.5398048e-06)
(0.00020297793 -0.0017835446 3.7454849e-06)
(6.6739115e-05 -0.0018628724 2.6816184e-06)
(0.0013181856 -0.0014181225 5.0922359e-06)
(0.0011639209 -0.0014561283 1.2077075e-05)
(0.00098793216 -0.0014698152 1.092731e-05)
(0.00086751471 -0.0015584963 8.8389672e-06)
(0.00075447881 -0.0016503207 6.8776744e-06)
(0.00061746352 -0.0016804648 5.8037257e-06)
(0.00047460308 -0.0016908124 5.696462e-06)
(0.00033930018 -0.001734891 5.6737184e-06)
(0.00020571077 -0.0018042503 4.4846495e-06)
(6.8092574e-05 -0.0018838857 3.2612902e-06)
(0.0012575871 -0.0013579275 2.7613081e-07)
(0.0011584362 -0.0014550938 7.7768631e-06)
(0.0010005054 -0.001486481 1.0039344e-05)
(0.00087862368 -0.0015749612 9.0082306e-06)
(0.0007606121 -0.0016604615 6.8879573e-06)
(0.0006209646 -0.0016886481 5.8982417e-06)
(0.00047809568 -0.0017030978 6.0525102e-06)
(0.000342807 -0.001753161 6.1206495e-06)
(0.00020822624 -0.0018244149 4.7094787e-06)
(6.934423e-05 -0.001904848 3.4605685e-06)
(0.0012233885 -0.0013224299 1.9347379e-06)
(0.0011378303 -0.001434893 4.7956891e-06)
(0.0010030664 -0.0014911725 7.8272093e-06)
(0.00088289674 -0.0015801585 7.9658402e-06)
(0.00076136179 -0.0016600403 6.6416176e-06)
(0.00062107632 -0.0016892178 5.9377676e-06)
(0.00047989079 -0.001711345 6.3375831e-06)
(0.00034546804 -0.0017684813 6.4449625e-06)
(0.00021027176 -0.0018419946 4.8340626e-06)
(7.0480035e-05 -0.0019255167 3.603453e-06)
(0.00121991 -0.0013169103 4.5419011e-06)
(0.0011203197 -0.0014135854 4.5696532e-06)
(0.00099556369 -0.0014818704 6.2877007e-06)
(0.00087940747 -0.0015740366 6.7871707e-06)
(0.00075751391 -0.0016515171 6.4671135e-06)
(0.0006188758 -0.0016846231 6.1764219e-06)
(0.0004804965 -0.0017162203 6.7646305e-06)
(0.00034724252 -0.0017799913 6.8226961e-06)
(0.00021181648 -0.0018563707 4.9932582e-06)
(7.1502315e-05 -0.0019450314 3.7537054e-06)
(0.0012265325 -0.0013241543 5.0983844e-06)
(0.0011181526 -0.0014098918 5.9184284e-06)
(0.0009881575 -0.0014709224 6.870023e-06)
(0.00087029201 -0.0015585963 6.6924862e-06)
(0.00075160843 -0.0016401984 6.8244989e-06)
(0.00061649024 -0.0016801632 6.8929375e-06)
(0.00048078134 -0.0017201166 7.5578774e-06)
(0.00034857856 -0.0017893077 7.3778162e-06)
(0.00021317661 -0.001869452 5.2823826e-06)
(7.2577336e-05 -0.0019649259 3.9924872e-06)
(0.0012255049 -0.0013245668 4.8058475e-06)
(0.0011249176 -0.0014197177 6.2320692e-06)
(0.00099360781 -0.0014786251 8.4803233e-06)
(0.000867932 -0.0015540236 8.232675e-06)
(0.0007491941 -0.001636067 8.2756797e-06)
(0.00061660345 -0.0016819845 8.2727851e-06)
(0.00048240181 -0.0017278836 8.8208967e-06)
(0.00035026612 -0.0017991144 8.1550848e-06)
(0.00021474753 -0.0018836411 5.6462804e-06)
(7.3894135e-05 -0.0019872107 4.3007202e-06)
(0.0012231934 -0.0013225946 3.9972556e-06)
(0.0011253196 -0.0014225558 5.5695253e-06)
(0.0010021251 -0.0014940052 9.2481339e-06)
(0.00087482349 -0.0015660048 1.0317154e-05)
(0.00075427509 -0.001646154 9.9234198e-06)
(0.00062142778 -0.0016946306 9.8099506e-06)
(0.0004867023 -0.0017425223 1.0191547e-05)
(0.00035286647 -0.0018122545 8.8263729e-06)
(0.0002171313 -0.0019028341 5.7717664e-06)
(7.5665275e-05 -0.0020140414 4.5963282e-06)
(0.0012135393 -0.0013136473 1.8295299e-06)
(0.001117141 -0.001415613 5.2937302e-06)
(0.0010047562 -0.0015029598 8.8624201e-06)
(0.00088370225 -0.0015817464 1.0340557e-05)
(0.0007616395 -0.0016596565 1.0282858e-05)
(0.00062881088 -0.0017124097 1.0773027e-05)
(0.000491786 -0.0017587341 1.0962992e-05)
(0.00035678984 -0.0018323768 8.7236711e-06)
(0.00022041375 -0.0019257317 5.4126589e-06)
(7.7752165e-05 -0.0020456198 4.6268166e-06)
(0.0011916033 -0.0012953317 -3.7489442e-07)
(0.0011119882 -0.0014144815 3.7941971e-06)
(0.0010067663 -0.0015091432 6.9201272e-06)
(0.00088978775 -0.0015924968 8.774117e-06)
(0.00076799022 -0.0016708962 9.4610526e-06)
(0.00063451321 -0.0017260336 1.069438e-05)
(0.00049680579 -0.0017769982 1.0553005e-05)
(0.00036146041 -0.0018553745 7.3436053e-06)
(0.00022391086 -0.0019490536 4.6350744e-06)
(7.9876726e-05 -0.0020787859 4.0993301e-06)
(0.0011786359 -0.001282844 1.9653839e-06)
(0.0011026034 -0.0014072957 2.665944e-06)
(0.0010025843 -0.001505795 4.39333e-06)
(0.00088993444 -0.0015933815 6.2240004e-06)
(0.00076835421 -0.0016720076 8.1786038e-06)
(0.0006379602 -0.0017360255 9.7014971e-06)
(0.00050081299 -0.0017930571 8.6216141e-06)
(0.00036559511 -0.0018765587 4.7918735e-06)
(0.00022715081 -0.0019718175 3.4131012e-06)
(8.1733128e-05 -0.0021064563 3.0591906e-06)
(0.0011965408 -0.001299792 4.7111412e-06)
(0.0011026765 -0.0014058996 3.9148012e-06)
(0.00099966511 -0.0015022085 4.0855638e-06)
(0.00088651106 -0.0015887103 4.9596227e-06)
(0.00076674803 -0.0016699052 6.8370773e-06)
(0.0006392852 -0.0017414252 7.5047228e-06)
(0.00050254052 -0.0018027544 5.492514e-06)
(0.00036755265 -0.0018867144 2.425728e-06)
(0.00022891594 -0.0019867249 1.8530735e-06)
(8.2818663e-05 -0.0021242894 1.8764146e-06)
(0.0012100179 -0.0013126739 3.3158929e-06)
(0.001106594 -0.0014090925 3.4343086e-06)
(0.00099957014 -0.0015020191 3.5026466e-06)
(0.00088519321 -0.0015874767 3.9733711e-06)
(0.00076601049 -0.0016690187 5.0414423e-06)
(0.00063688599 -0.0017385258 4.7436249e-06)
(0.00050432962 -0.0018128384 2.1583761e-06)
(0.00036808289 -0.0018890273 6.4553337e-07)
(0.00022914804 -0.0019898852 4.3472626e-07)
(8.3082197e-05 -0.0021325224 6.8307371e-07)
(0.001202849 -0.0013049554 3.801148e-07)
(0.0011019883 -0.0014032016 1.4051575e-06)
(0.00099523451 -0.0014959626 1.6569645e-06)
(0.00088091106 -0.0015809924 2.326764e-06)
(0.00076251479 -0.0016638615 2.6439821e-06)
(0.00063406132 -0.0017343356 2.0085616e-06)
(0.00050296521 -0.0018094729 -2.2927893e-07)
(0.00036693315 -0.0018853107 -8.6780278e-07)
(0.00022818141 -0.0019847381 -5.8809296e-07)
(8.2595275e-05 -0.0021289748 -2.8190275e-07)
(0.0011897998 -0.0012909978 -1.8890663e-06)
(0.001090617 -0.0013895787 -7.9704139e-07)
(0.00098444496 -0.0014815732 -1.6804509e-07)
(0.00087401993 -0.0015705831 3.8951839e-07)
(0.00075533462 -0.0016510682 4.1502275e-07)
(0.00063103409 -0.001728852 -2.3124421e-07)
(0.00050005458 -0.0018001392 -1.4777342e-06)
(0.0003642114 -0.0018739782 -1.7604323e-06)
(0.0002264503 -0.0019749897 -1.2873603e-06)
(8.1732556e-05 -0.0021192214 -8.5138412e-07)
(0.0011848906 -0.0012871704 -3.5239134e-06)
(0.001086529 -0.001385453 -2.933438e-06)
(0.0009811904 -0.0014776951 -1.88188e-06)
(0.00087003138 -0.0015645245 -9.276747e-07)
(0.00075058824 -0.0016420207 -4.5005247e-07)
(0.00062698416 -0.0017186655 -1.1356098e-06)
(0.00049632093 -0.0017879809 -1.9203575e-06)
(0.00036110177 -0.0018606162 -1.8607711e-06)
(0.00022420478 -0.0019609268 -1.4567537e-06)
(8.0570752e-05 -0.0021058372 -9.9397965e-07)
(0.0011720681 -0.001275044 -5.5142099e-06)
(0.0010769247 -0.0013750495 -5.1781399e-06)
(0.00097614637 -0.0014724235 -4.3201853e-06)
(0.00086688241 -0.001562017 -2.8991395e-06)
(0.00075038811 -0.0016433972 -1.6107188e-06)
(0.00062542532 -0.0017142155 -1.6529368e-06)
(0.00049353544 -0.001778823 -2.0943768e-06)
(0.0003588603 -0.0018512836 -1.8357574e-06)
(0.00022253281 -0.0019501772 -1.3140071e-06)
(7.9698176e-05 -0.0020953033 -8.9850534e-07)
(0.0011470484 -0.0012469037 -2.9589982e-06)
(0.0010489998 -0.0013402702 -3.2025463e-06)
(0.00095044407 -0.001437359 -2.9886092e-06)
(0.00084942734 -0.0015365844 -2.2823572e-06)
(0.00074145371 -0.001629467 -1.4631968e-06)
(0.00062057049 -0.0017043943 -1.1269493e-06)
(0.00048945483 -0.0017667443 -1.1711748e-06)
(0.00035566198 -0.001838341 -1.0141281e-06)
(0.00022062282 -0.0019390521 -6.6482519e-07)
(7.8805036e-05 -0.0020848473 -4.4531365e-07)
(0.0021349089 -0.00012414487 1.4037885e-05)
(0.0022419397 -0.00030246055 1.2168885e-05)
(0.0022695481 -0.00048384211 9.973809e-06)
(0.002226556 -0.00065371613 7.6563361e-06)
(0.0021163062 -0.00079556677 4.5431523e-06)
(0.0019670311 -0.00090907436 1.4827449e-06)
(0.0018283533 -0.0010191794 -3.7601788e-07)
(0.0017118257 -0.0011373875 -1.0941611e-06)
(0.0015871774 -0.0012405315 9.7277265e-07)
(0.0014107835 -0.0012914786 4.7492903e-06)
(0.0022774796 -0.0001209669 1.5695681e-05)
(0.0023442188 -0.00030489654 1.2741314e-05)
(0.0023303794 -0.00048500215 9.2342953e-06)
(0.0022461988 -0.00064701622 5.4879163e-06)
(0.0021083774 -0.00078194375 1.8069544e-06)
(0.0019657126 -0.00090365556 -5.2023328e-07)
(0.0018435987 -0.0010264601 -3.1209746e-06)
(0.0017076628 -0.0011343285 -4.2756746e-06)
(0.0015779067 -0.0012375622 -7.1482292e-07)
(0.0014569288 -0.0013332946 7.7539828e-06)
(0.002277196 -0.00011706493 2.6863441e-06)
(0.0023166411 -0.00029618536 1.5827015e-06)
(0.0022828794 -0.00046964465 -1.462396e-07)
(0.0021995196 -0.00062928755 -1.9526043e-06)
(0.0020826825 -0.00077213555 -2.7425058e-06)
(0.0019667625 -0.00090597214 -3.2772851e-06)
(0.0018304318 -0.001020782 -5.4678134e-06)
(0.0016738919 -0.0011112827 -6.2169921e-06)
(0.0015213544 -0.0011964618 -3.9651153e-06)
(0.001437063 -0.0013247223 1.7914509e-06)
(0.0022444119 -0.00012077835 -3.7969668e-06)
(0.0022909453 -0.00029757685 -3.507292e-06)
(0.0022653691 -0.00047017875 -3.0922684e-06)
(0.0021846923 -0.00062874045 -3.1457125e-06)
(0.0020711505 -0.0007707219 -3.4432317e-06)
(0.00194677 -0.00089922756 -4.9005624e-06)
(0.001804094 -0.0010095912 -6.2348819e-06)
(0.0016461419 -0.0010978039 -5.2618959e-06)
(0.0015120219 -0.0011868845 -2.7987706e-06)
(0.0013731993 -0.0012696536 -1.9548458e-06)
(0.0022679845 -0.00012295967 2.1705774e-06)
(0.0023067746 -0.00030062638 4.8089429e-07)
(0.0022747952 -0.00047293815 -8.9247675e-07)
(0.0021838902 -0.00062858584 -2.1281982e-06)
(0.0020613172 -0.0007668576 -3.057176e-06)
(0.0019271501 -0.00089067036 -3.9953026e-06)
(0.0017715114 -0.00099305215 -4.2701564e-06)
(0.00162033 -0.0010836103 -4.1060352e-06)
(0.0014902195 -0.0011708521 -3.2709913e-06)
(0.0013456493 -0.001241347 -6.3213046e-07)
(0.0022774473 -0.00011978269 6.0635315e-06)
(0.0023015864 -0.00029790956 3.1789547e-06)
(0.0022598234 -0.00046863751 5.9730539e-07)
(0.0021622695 -0.0006218967 -1.2280503e-06)
(0.0020365443 -0.0007576226 -2.1081809e-06)
(0.0019061155 -0.00088101699 -1.7088235e-06)
(0.0017599113 -0.00098560339 -9.2728556e-07)
(0.0016005631 -0.0010717383 -1.6394469e-06)
(0.0014719864 -0.0011595666 -1.9902122e-06)
(0.0013340413 -0.0012292407 4.5537009e-07)
(0.0023186192 -0.00011637528 8.000554e-06)
(0.0023274128 -0.00029653234 5.3053707e-06)
(0.0022682721 -0.00046692998 2.6250497e-06)
(0.0021585064 -0.00061878069 5.4554855e-07)
(0.0020245702 -0.00075214482 -9.3642124e-07)
(0.0018964506 -0.00087536758 -1.1724783e-06)
(0.001760557 -0.00098466349 -3.6928481e-07)
(0.001604431 -0.0010720628 -2.8476549e-07)
(0.0014666959 -0.0011539284 -1.0874481e-06)
(0.0013332934 -0.0012277798 1.1230333e-06)
(0.0023279482 -0.00011384309 7.183612e-06)
(0.002326464 -0.00029343313 4.4889761e-06)
(0.0022589372 -0.00046204402 2.3117313e-06)
(0.0021412335 -0.00061100267 4.4144554e-07)
(0.0020030142 -0.00074130283 -1.0752075e-06)
(0.0018663614 -0.00085878861 -2.435921e-06)
(0.001737146 -0.00096838427 -2.1831244e-06)
(0.0015865476 -0.0010554304 -1.7613822e-06)
(0.0014574022 -0.001143977 -1.5388651e-06)
(0.0013314447 -0.0012268133 1.2508441e-06)
(0.0023615019 -0.00011294255 9.5715201e-06)
(0.0023384993 -0.0002936083 6.3069863e-06)
(0.0022579357 -0.00046132402 3.3205667e-06)
(0.0021338756 -0.00060900624 1.0202102e-06)
(0.0019906065 -0.00073614843 -9.029994e-07)
(0.0018488064 -0.00084951967 -2.9367465e-06)
(0.0017172994 -0.00095570619 -4.0993106e-06)
(0.0015736933 -0.0010455947 -3.9719607e-06)
(0.001449983 -0.0011383995 -3.3496279e-06)
(0.0013276308 -0.0012241852 1.2668782e-06)
(0.0023987902 -0.00011006156 1.0633557e-05)
(0.0023610192 -0.00029165149 9.628277e-06)
(0.002258269 -0.00045848501 6.9392256e-06)
(0.002122912 -0.00060486883 3.9786475e-06)
(0.0019786855 -0.00073217648 1.3120384e-06)
(0.0018331787 -0.00084301855 -1.8548412e-06)
(0.0016918465 -0.00094194307 -4.5679567e-06)
(0.0015544534 -0.001033126 -5.1648563e-06)
(0.0014309461 -0.0011247802 -5.1274074e-06)
(0.0013214225 -0.0012202902 -1.9164174e-07)
(0.0023563385 -0.00010754889 3.0427061e-06)
(0.0023459259 -0.00028556988 3.1127139e-06)
(0.0022547339 -0.00045091683 2.528111e-06)
(0.0021187983 -0.00059572706 1.2589219e-06)
(0.0019700537 -0.00072109411 2.0240219e-07)
(0.0018208717 -0.00083099416 -6.7474419e-07)
(0.0016776077 -0.00093032121 -2.1728697e-06)
(0.0015402362 -0.0010217495 -3.7885157e-06)
(0.0014125553 -0.0011094337 -4.8530079e-06)
(0.001303214 -0.0012049241 -3.5395485e-06)
(0.0022317405 -0.00010234517 -1.5426952e-06)
(0.0022007025 -0.00026652117 -3.3833465e-06)
(0.0021329223 -0.00042338655 -4.1679365e-06)
(0.0020388518 -0.00056980664 -3.5054823e-06)
(0.0019370706 -0.00070709352 -1.6885971e-06)
(0.0018297449 -0.00083441063 4.6527681e-07)
(0.0017103006 -0.00094739163 -5.755848e-08)
(0.0015610864 -0.0010331587 -2.7047374e-06)
(0.0014133621 -0.0011070731 -3.3380729e-06)
(0.0012768266 -0.0011803427 -3.0643145e-06)
(0.0022465283 -0.00010662043 2.2210746e-06)
(0.0021919444 -0.00026823234 1.1796754e-06)
(0.0021039428 -0.00042051203 -3.1285794e-07)
(0.0020135191 -0.00056634691 -9.770611e-07)
(0.0019307387 -0.00070926626 -2.284712e-07)
(0.00186192 -0.00085259002 2.5427961e-07)
(0.0017692496 -0.00098013262 -1.3896874e-06)
(0.0015908665 -0.0010522493 -3.0890505e-06)
(0.0014185603 -0.0011130533 -2.0938255e-06)
(0.001280109 -0.0011841844 1.1606381e-06)
(0.0022418332 -0.00010963898 8.124162e-07)
(0.0022009051 -0.00027228827 1.7676801e-06)
(0.0021233448 -0.00042674704 1.4761053e-06)
(0.0020356009 -0.00057452412 -2.0902203e-07)
(0.0019594091 -0.00072090153 -1.0983473e-06)
(0.0018929137 -0.00086648401 -1.6087178e-06)
(0.0017816467 -0.00098627174 -3.15103e-06)
(0.00159385 -0.0010546831 -3.9570112e-06)
(0.0014193243 -0.0011161205 -1.5471583e-06)
(0.0013001055 -0.0012037569 3.6201699e-06)
(0.0022400185 -0.00010977922 2.5659119e-07)
(0.0022097339 -0.00027372823 -4.7955846e-07)
(0.0021369059 -0.0004295845 -1.587442e-06)
(0.0020337246 -0.00057371865 -2.8798249e-06)
(0.0019375637 -0.00071373507 -3.4307494e-06)
(0.001877713 -0.00086062017 -2.0321091e-06)
(0.0017821907 -0.00098566287 -1.4138388e-06)
(0.0015849138 -0.0010474977 -3.1838432e-06)
(0.0014109915 -0.0011106518 -2.4506722e-06)
(0.0013085531 -0.0012124085 1.3477987e-06)
(0.0022429253 -0.0001123414 -1.1701498e-06)
(0.0022239422 -0.00027979133 -1.7595692e-06)
(0.0021428415 -0.00043469028 -1.6488154e-06)
(0.0020285435 -0.00057358062 -1.6800134e-06)
(0.0019094948 -0.00070413924 -2.5514159e-06)
(0.0018518494 -0.00085095978 -2.0689604e-06)
(0.0017994679 -0.00099570798 -3.3449704e-07)
(0.0016103893 -0.0010608915 -2.1990543e-06)
(0.0014104736 -0.0011071441 -3.7670989e-06)
(0.0012999554 -0.0012039981 -1.7234507e-06)
(0.0022578668 -0.0001153306 3.6902517e-07)
(0.0022406332 -0.00028521401 -5.1090393e-07)
(0.0021625803 -0.00044221026 -1.3521293e-07)
(0.0020495712 -0.00058196696 -9.8244917e-08)
(0.0019164228 -0.0007072366 -9.56245e-07)
(0.0018272519 -0.00084132206 -1.9675691e-06)
(0.0018082574 -0.0010023725 -8.5708625e-07)
(0.0016382412 -0.0010768704 -3.0225454e-06)
(0.0014125521 -0.0011057947 -5.0496811e-06)
(0.0012903868 -0.0011943091 -3.718079e-06)
(0.0022961519 -0.00011550748 1.9025916e-06)
(0.0022666599 -0.00028779562 1.0016286e-06)
(0.0021861408 -0.00044739359 9.6065589e-07)
(0.0020691373 -0.00058928595 7.7996176e-07)
(0.0019291329 -0.000713723 3.7011677e-07)
(0.0018252651 -0.00084173185 -9.592755e-07)
(0.0018227455 -0.0010108813 -1.612836e-06)
(0.0016539743 -0.0010851322 -4.4239791e-06)
(0.001406885 -0.0010995803 -6.1169889e-06)
(0.0012771016 -0.0011832479 -5.225042e-06)
(0.0023028029 -0.00011360192 7.2130968e-07)
(0.00226979 -0.00028626335 3.2931942e-07)
(0.0021916659 -0.00044719127 3.9046578e-07)
(0.002080744 -0.00059231795 3.7705986e-07)
(0.0019372646 -0.00071760951 1.4846772e-07)
(0.0018323211 -0.00084561281 -7.8648894e-07)
(0.0018305068 -0.0010142706 -2.3422124e-06)
(0.0016496588 -0.0010806073 -4.4156311e-06)
(0.0013949011 -0.0010886664 -5.1922483e-06)
(0.001258298 -0.0011664027 -5.9742502e-06)
(0.0022995313 -0.00011238435 -8.5974499e-08)
(0.0022634744 -0.000284147 -1.7388175e-07)
(0.0021862408 -0.0004448818 -1.3150429e-07)
(0.0020759011 -0.0005901235 -1.618509e-07)
(0.0019299823 -0.00071467871 -2.3447642e-07)
(0.0018283702 -0.00084323791 -5.3294461e-07)
(0.0018201873 -0.0010072406 -1.2121854e-06)
(0.0016300904 -0.0010667736 -1.8049319e-06)
(0.0013847631 -0.0010790368 -1.7420432e-06)
(0.0012399365 -0.0011468724 -2.5471001e-06)
(-0.0008071976 -0.00097124588 4.1412603e-08)
(-0.00091822469 -0.001271586 4.1639214e-08)
(-0.0009647531 -0.0015595195 6.8453329e-08)
(-0.00094900601 -0.0018194297 7.9001014e-08)
(-0.00087636144 -0.0020344616 1.1319396e-07)
(-0.00075397956 -0.0021836612 1.5727728e-07)
(-0.00059428411 -0.0022476899 2.2029483e-07)
(-0.00041535877 -0.0022159258 3.1988601e-07)
(-0.00023770372 -0.0020977013 4.5707927e-07)
(-7.7698548e-05 -0.0019517717 6.2381366e-07)
(-0.00080771632 -0.00097183742 1.0446901e-07)
(-0.00091873864 -0.0012723002 1.1939556e-07)
(-0.00096563825 -0.0015609391 1.8428369e-07)
(-0.00094987144 -0.0018210927 2.3029192e-07)
(-0.000877476 -0.0020371585 3.2421514e-07)
(-0.00075522748 -0.0021874857 4.4795515e-07)
(-0.00059558741 -0.0022532257 6.1643386e-07)
(-0.00041655428 -0.002223782 8.6265851e-07)
(-0.00023846284 -0.0021080941 1.1736823e-06)
(-7.7702459e-05 -0.0019633685 1.5075856e-06)
(-0.00080860765 -0.00097289305 1.600074e-07)
(-0.00091984902 -0.0012738418 1.9818256e-07)
(-0.00096718569 -0.0015634488 2.842864e-07)
(-0.00095160352 -0.0018244577 3.7354088e-07)
(-0.00087953438 -0.002042112 5.1458718e-07)
(-0.00075750076 -0.0021944354 7.0521647e-07)
(-0.00059786504 -0.0022627335 9.5989852e-07)
(-0.00041855188 -0.0022364298 1.3131451e-06)
(-0.00023969059 -0.0021231897 1.7517494e-06)
(-7.7873799e-05 -0.0019787512 2.1580258e-06)
(-0.00080988197 -0.00097440175 2.1874285e-07)
(-0.00092148798 -0.0012761048 2.7252085e-07)
(-0.00096933819 -0.0015669423 3.783192e-07)
(-0.00095410939 -0.001829336 5.0121084e-07)
(-0.00088243644 -0.0020490894 6.8017428e-07)
(-0.00076071387 -0.0022042804 9.2285156e-07)
(-0.00060107295 -0.0022761654 1.2452985e-06)
(-0.00042134032 -0.0022543212 1.6775996e-06)
(-0.00024144255 -0.0021450413 2.2222091e-06)
(-7.8038677e-05 -0.0020011874 2.6680848e-06)
(-0.00081146635 -0.00097627412 2.6836793e-07)
(-0.00092355522 -0.0012789541 3.3520136e-07)
(-0.00097201348 -0.0015712793 4.6113467e-07)
(-0.00095724185 -0.0018354273 6.0884316e-07)
(-0.00088600281 -0.0020576395 8.1868124e-07)
(-0.00076458571 -0.0022161165 1.0961293e-06)
(-0.00060488197 -0.0022920032 1.4644978e-06)
(-0.00042457036 -0.0022748317 1.9319787e-06)
(-0.00024345699 -0.0021693689 2.519148e-06)
(-7.8275839e-05 -0.0020247539 2.9361674e-06)
(-0.00081330725 -0.00097844235 3.0338609e-07)
(-0.00092597418 -0.0012822814 3.7411587e-07)
(-0.00097513833 -0.0015763295 5.207415e-07)
(-0.00096086276 -0.0018424459 6.9491673e-07)
(-0.00089009286 -0.002067415 9.295161e-07)
(-0.00076897948 -0.0022295033 1.2340631e-06)
(-0.00060916656 -0.0023097457 1.6390986e-06)
(-0.00042813967 -0.0022974336 2.1368004e-06)
(-0.00024565131 -0.0021957851 2.7595779e-06)
(-7.8549875e-05 -0.0020495459 3.1733436e-06)
(-0.00081469283 -0.00098014756 3.3110129e-07)
(-0.00092816368 -0.0012854922 4.1708714e-07)
(-0.0009784127 -0.0015817707 5.6209929e-07)
(-0.00096481625 -0.0018501966 7.6043669e-07)
(-0.00089457373 -0.0020781504 1.0084217e-06)
(-0.0007737326 -0.0022440052 1.3297198e-06)
(-0.00061380733 -0.0023289481 1.7708578e-06)
(-0.00043193868 -0.0023214853 2.2906394e-06)
(-0.00024794671 -0.002223543 2.9637549e-06)
(-7.8844163e-05 -0.0020750164 3.3998059e-06)
(-0.0008167593 -0.0009826095 3.5260597e-07)
(-0.00093114824 -0.0012895867 4.5915236e-07)
(-0.00098198935 -0.001587558 5.8778463e-07)
(-0.00096912925 -0.0018585825 8.0267063e-07)
(-0.0008993282 -0.0020894843 1.0554305e-06)
(-0.00077874144 -0.0022593304 1.3890343e-06)
(-0.00061874597 -0.0023493634 1.8634356e-06)
(-0.00043593065 -0.0023469662 2.4086474e-06)
(-0.00025038133 -0.0022532837 3.1454185e-06)
(-7.9130839e-05 -0.002102178 3.6786435e-06)
(-0.00081890809 -0.00098517793 3.6250356e-07)
(-0.00093423091 -0.0012938186 4.7145181e-07)
(-0.00098564347 -0.0015934982 5.914689e-07)
(-0.00097358203 -0.0018672261 8.2294911e-07)
(-0.0009042248 -0.0021011731 1.0662702e-06)
(-0.00078391022 -0.0022751771 1.4230023e-06)
(-0.00062391021 -0.0023707446 1.8972396e-06)
(-0.00044009465 -0.0023736953 2.4936507e-06)
(-0.00025292039 -0.0022852682 3.2617271e-06)
(-7.9406589e-05 -0.0021325716 3.9788145e-06)
(-0.00082110701 -0.00098779418 3.6411939e-07)
(-0.00093726489 -0.0012979794 4.7242444e-07)
(-0.00098930189 -0.0015994621 5.7839071e-07)
(-0.00097803376 -0.0018758186 8.1963493e-07)
(-0.00090908604 -0.0021128177 1.0398906e-06)
(-0.00078917501 -0.0022912371 1.4114129e-06)
(-0.00062909794 -0.0023923387 1.8559318e-06)
(-0.00044445135 -0.0024015414 2.5031773e-06)
(-0.00025551717 -0.0023191957 3.2564675e-06)
(-7.9638138e-05 -0.0021671117 4.1526524e-06)
(-0.0008232376 -0.00099032317 3.575283e-07)
(-0.00094024098 -0.0013020436 4.5264177e-07)
(-0.00099275631 -0.0016050848 5.5839877e-07)
(-0.00098235027 -0.0018841531 7.7203679e-07)
(-0.00091370401 -0.0021238593 9.8557356e-07)
(-0.00079426971 -0.0023067419 1.3258623e-06)
(-0.00063407602 -0.0024131559 1.742157e-06)
(-0.00044885111 -0.0024294181 2.3674249e-06)
(-0.00025803463 -0.0023530758 3.0727871e-06)
(-7.976327e-05 -0.002204558 4.0117126e-06)
(-0.00082532529 -0.00099278167 3.4326261e-07)
(-0.00094298166 -0.0013057778 4.1227282e-07)
(-0.00099595625 -0.0016102402 5.3026931e-07)
(-0.00098623873 -0.0018917284 6.8553015e-07)
(-0.00091798063 -0.0021340162 9.0730686e-07)
(-0.00079889806 -0.0023208505 1.1703135e-06)
(-0.00063865942 -0.0024322323 1.5578274e-06)
(-0.00045290038 -0.0024549611 2.0631783e-06)
(-0.00026038017 -0.0023845152 2.6930256e-06)
(-7.9808844e-05 -0.0022404543 3.4912524e-06)
(-0.00082726374 -0.00099505101 3.0598466e-07)
(-0.00094536307 -0.0013090268 3.6303827e-07)
(-0.00099882722 -0.0016148521 4.6501157e-07)
(-0.00098956792 -0.0018982499 5.9423443e-07)
(-0.00092180643 -0.0021430367 7.7772127e-07)
(-0.00080276347 -0.0023326741 9.7761535e-07)
(-0.0006426167 -0.0024485146 1.2893416e-06)
(-0.00045620861 -0.0024758836 1.6393382e-06)
(-0.0002623963 -0.0024108502 2.1267964e-06)
(-7.9900086e-05 -0.0022704333 2.6345865e-06)
(-0.00082882651 -0.00099688976 2.596619e-07)
(-0.0009474175 -0.0013118353 3.1097066e-07)
(-0.0010012088 -0.0016187214 3.8452544e-07)
(-0.00099241201 -0.0019037195 5.0353417e-07)
(-0.00092480281 -0.0021501439 6.1617987e-07)
(-0.00080583176 -0.0023419893 7.8225278e-07)
(-0.00064560812 -0.0024606998 9.6690607e-07)
(-0.00045859807 -0.0024908629 1.1969515e-06)
(-0.00026392354 -0.0024292281 1.456091e-06)
(-7.9997833e-05 -0.0022895701 1.681654e-06)
(-0.00083019563 -0.00099849296 2.1535044e-07)
(-0.00094906963 -0.0013140899 2.5235327e-07)
(-0.0010031553 -0.001621867 3.1332204e-07)
(-0.00099460388 -0.0019078866 3.9459149e-07)
(-0.0009269808 -0.0021553157 4.6999819e-07)
(-0.00080808647 -0.0023486644 5.7783895e-07)
(-0.00064753468 -0.0024684925 6.5688336e-07)
(-0.00046019255 -0.0025002783 7.6823883e-07)
(-0.00026479222 -0.002438996 7.9904972e-07)
(-8.0120855e-05 -0.0022990694 8.0923929e-07)
(-0.00083134333 -0.00099983195 1.6779239e-07)
(-0.00095033115 -0.0013158103 1.9422577e-07)
(-0.0010046578 -0.001624262 2.4094336e-07)
(-0.00099609767 -0.0019107425 2.8716666e-07)
(-0.00092850305 -0.0021588474 3.3962455e-07)
(-0.0008094402 -0.0023525741 3.7969183e-07)
(-0.00064856645 -0.0024724342 4.0004034e-07)
(-0.00046089985 -0.0025038759 3.8300479e-07)
(-0.00026508154 -0.0024409061 2.7794232e-07)
(-8.0367023e-05 -0.0022989369 8.6381084e-08)
(-0.00083219273 -0.001000827 1.2534874e-07)
(-0.00095127706 -0.0013170981 1.4478897e-07)
(-0.0010056817 -0.0016258917 1.7253605e-07)
(-0.00099709267 -0.0019126419 2.0023258e-07)
(-0.00092941482 -0.0021609056 2.2256109e-07)
(-0.00081008643 -0.002354379 2.2329985e-07)
(-0.00064894585 -0.0024736053 1.9888073e-07)
(-0.00046093704 -0.002503383 1.0149129e-07)
(-0.00026500898 -0.0024379274 -8.2211595e-08)
(-8.0571376e-05 -0.0022924864 -4.1929782e-07)
(-0.00083277545 -0.0010014955 9.09719e-08)
(-0.00095193626 -0.0013179773 1.0356036e-07)
(-0.0010063256 -0.0016269032 1.17378e-07)
(-0.0009977032 -0.001913767 1.3159271e-07)
(-0.0009298402 -0.002161824 1.3217882e-07)
(-0.00081027598 -0.0023547858 1.1726371e-07)
(-0.00064883367 -0.0024727879 6.5369221e-08)
(-0.000460566 -0.0025003269 -4.9569402e-08)
(-0.00026467611 -0.0024314795 -2.533045e-07)
(-8.0730195e-05 -0.0022817367 -6.0329661e-07)
(-0.00083313391 -0.0010019049 4.2872459e-08)
(-0.00095233975 -0.0013185146 5.034851e-08)
(-0.0010067093 -0.0016275021 5.9497128e-08)
(-0.00099801751 -0.0019143316 6.448837e-08)
(-0.0009300051 -0.0021621593 6.2050465e-08)
(-0.00081025052 -0.0023545776 4.5014463e-08)
(-0.00064856593 -0.0024714604 -2.4401081e-09)
(-0.00046014297 -0.0024971879 -9.9265477e-08)
(-0.00026432934 -0.0024256965 -2.6792743e-07)
(-8.0816302e-05 -0.0022728672 -5.5612276e-07)
(-0.0008332724 -0.0010020895 6.9560929e-09)
(-0.00095249512 -0.0013187506 9.8035515e-09)
(-0.0010068756 -0.0016277857 1.428781e-08)
(-0.00099811575 -0.0019145325 1.5297756e-08)
(-0.00093003399 -0.0021622198 1.5190578e-08)
(-0.00081014536 -0.002354201 7.2137793e-09)
(-0.00064830975 -0.0024702503 -1.2534288e-08)
(-0.00045976994 -0.0024944587 -5.6059583e-08)
(-0.00026404213 -0.0024206935 -1.32097e-07)
(-8.0934188e-05 -0.0022648435 -2.683317e-07)
(0.0011854191 3.4864352e-05 -1.9543929e-09)
(0.0010885514 0.0001090017 1.5243043e-09)
(0.00094160017 0.00015941032 -1.0889895e-08)
(0.00075112644 0.00017592088 4.8972224e-09)
(0.00052752201 0.00015002486 7.1241657e-09)
(0.00028034385 7.6674009e-05 1.5313155e-08)
(2.5887587e-05 -4.6788136e-05 1.9175803e-08)
(-0.00022267097 -0.00021892011 2.2466923e-08)
(-0.00045405663 -0.00043679137 2.8154577e-08)
(-0.00065082384 -0.00068986139 2.9818489e-08)
(0.0011854704 3.4871336e-05 2.3345037e-08)
(0.0010885312 0.00010900178 2.8742021e-08)
(0.00094171077 0.00015942225 6.6898145e-09)
(0.00075106301 0.00017588969 2.208681e-08)
(0.00052748122 0.0001499997 1.8585816e-08)
(0.00028017353 7.6585876e-05 2.6993438e-08)
(2.5685643e-05 -4.6905153e-05 3.4196278e-08)
(-0.00022293194 -0.00021910298 4.2691908e-08)
(-0.00045441079 -0.00043707625 5.7915261e-08)
(-0.00065118912 -0.00069021946 7.1955348e-08)
(0.0011852932 3.4846311e-05 3.1310755e-08)
(0.0010886333 0.00010901643 3.3184316e-08)
(0.00094167018 0.0001594097 2.49725e-08)
(0.00075099454 0.00017586981 3.0648544e-08)
(0.00052742638 0.00014997388 2.5546922e-08)
(0.00028004309 7.6509903e-05 3.054856e-08)
(2.5439798e-05 -4.7065713e-05 4.3438519e-08)
(-0.00022328222 -0.00021937039 5.7565532e-08)
(-0.00045493592 -0.00043753577 8.151844e-08)
(-0.00065187846 -0.0006909198 1.1242897e-07)
(0.0011854029 3.4858431e-05 1.0474372e-08)
(0.0010888322 0.00010903036 4.070835e-08)
(0.00094161513 0.00015938417 2.8536233e-08)
(0.00075092612 0.00017584302 4.3743052e-08)
(0.00052731804 0.00014992155 4.184691e-08)
(0.00027983034 7.6388375e-05 5.1672291e-08)
(2.503388e-05 -4.7322594e-05 6.9994763e-08)
(-0.00022381643 -0.00021976955 8.8471142e-08)
(-0.00045572296 -0.00043821793 1.1743342e-07)
(-0.00065291411 -0.00069195939 1.6169707e-07)
(0.0011857437 3.4870888e-05 4.6024762e-08)
(0.0010888367 0.00010901405 7.2687961e-08)
(0.00094161761 0.00015937596 2.8447447e-08)
(0.00075080833 0.00017580285 5.048192e-08)
(0.00052716631 0.0001498557 4.2623274e-08)
(0.00027952508 7.6225623e-05 5.6495051e-08)
(2.4514037e-05 -4.7640815e-05 7.6805374e-08)
(-0.00022451619 -0.00022028232 1.0743729e-07)
(-0.00045669369 -0.00043905162 1.3998615e-07)
(-0.00065428252 -0.00069332816 2.0168975e-07)
(0.0011858243 3.4870651e-05 1.0290105e-07)
(0.001088708 0.00010901056 6.6926612e-08)
(0.00094175378 0.00015940984 1.9539697e-08)
(0.00075070695 0.00017576698 4.0920491e-08)
(0.00052704357 0.00014979824 3.4101845e-08)
(0.00027922938 7.6060105e-05 5.5650879e-08)
(2.4003724e-05 -4.7973206e-05 7.6093553e-08)
(-0.00022538142 -0.00022092062 1.2958469e-07)
(-0.00045780242 -0.00044001832 1.321044e-07)
(-0.00065592545 -0.00069496344 2.9740013e-07)
(0.0011856365 3.487034e-05 9.5594597e-08)
(0.0010888523 0.00010904869 8.9126087e-09)
(0.00094183767 0.00015942711 1.7845969e-08)
(0.00075072323 0.00017576261 3.3241385e-08)
(0.00052692802 0.00014973156 3.4018816e-08)
(0.00027889861 7.5872757e-05 6.5213188e-08)
(2.3441708e-05 -4.835162e-05 8.5790143e-08)
(-0.00022635642 -0.00022157812 1.452929e-07)
(-0.00045857073 -0.00044097383 1.5280944e-07)
(-0.00065973182 -0.0006981681 3.1810331e-07)
(0.0011857961 3.489647e-05 3.7002589e-08)
(0.0010891624 0.00010908089 -1.9242436e-08)
(0.00094190564 0.0001594237 3.7000045e-08)
(0.00075075229 0.0001757523 2.727183e-08)
(0.00052677009 0.00014963918 4.6798757e-08)
(0.00027846304 7.5635586e-05 7.3783705e-08)
(2.2826272e-05 -4.8752834e-05 1.0132912e-07)
(-0.0002274217 -0.00022236105 1.4845895e-07)
(-0.00045990669 -0.00044214136 1.9391226e-07)
(-0.00066174781 -0.00070015589 2.6841589e-07)
(0.0011862841 3.4925845e-05 3.0483164e-08)
(0.0010893391 0.00010907632 7.6998188e-09)
(0.00094186682 0.00015940754 4.9202861e-08)
(0.00075086016 0.00017576337 1.656535e-08)
(0.00052645713 0.00014949458 5.2107628e-08)
(0.0002780997 7.5434406e-05 6.8712557e-08)
(2.2110324e-05 -4.9208277e-05 1.0484737e-07)
(-0.00022844272 -0.00022311916 1.4427759e-07)
(-0.00046132952 -0.00044337626 2.0125931e-07)
(-0.00066376619 -0.0007021583 2.6781363e-07)
(0.0011864898 3.4938612e-05 6.094267e-08)
(0.0010894445 0.0001090885 4.4010826e-08)
(0.00094189829 0.00015941723 2.0683822e-08)
(0.00075094671 0.00017577313 6.1864344e-09)
(0.00052624819 0.00014938929 3.7852708e-08)
(0.00027775313 7.52333e-05 6.3270479e-08)
(2.13998e-05 -4.9664088e-05 9.6843852e-08)
(-0.00022940792 -0.00022384744 1.4437856e-07)
(-0.00046281356 -0.00044466405 2.0028299e-07)
(-0.00066571169 -0.00070408775 2.6579237e-07)
(0.0011863861 3.4934867e-05 9.899832e-08)
(0.0010895233 0.00010912457 3.4227813e-08)
(0.00094217391 0.00015947044 -1.8609127e-08)
(0.00075091519 0.00017574527 9.0228842e-09)
(0.00052622895 0.00014934905 2.9895396e-08)
(0.0002773214 7.4987053e-05 6.4550325e-08)
(2.0818628e-05 -5.0057105e-05 9.2083751e-08)
(-0.00023048701 -0.0002246522 1.4603659e-07)
(-0.00046417563 -0.00044585185 1.9557142e-07)
(-0.00066765137 -0.00070601272 2.5786892e-07)
(0.0011861502 3.4943684e-05 9.6201769e-08)
(0.0010898133 0.00010919078 -5.5385313e-09)
(0.00094244138 0.00015951214 -1.3337556e-08)
(0.00075091265 0.00017572266 1.8196311e-08)
(0.0005262335 0.00014931329 4.1262022e-08)
(0.00027688246 7.4735963e-05 7.2969532e-08)
(2.025839e-05 -5.0434092e-05 1.0330063e-07)
(-0.00023152178 -0.00022542321 1.474874e-07)
(-0.00046548285 -0.00044698065 1.9744211e-07)
(-0.00066943334 -0.00070778721 2.4406868e-07)
(0.001186183 3.4974468e-05 5.8661879e-08)
(0.0010901614 0.00010924186 -8.0191417e-09)
(0.00094256667 0.00015952336 1.3897375e-08)
(0.00075098833 0.00017572186 3.7182592e-08)
(0.00052604287 0.0001492132 6.6283416e-08)
(0.000276489 7.4522643e-05 8.8977577e-08)
(1.9631916e-05 -5.0828543e-05 1.1302964e-07)
(-0.0002324481 -0.00022610177 1.4809092e-07)
(-0.00046675253 -0.00044805718 1.8447053e-07)
(-0.00067100266 -0.00070934566 2.2564542e-07)
(0.0011865262 3.4996418e-05 4.2335949e-08)
(0.0010903178 0.00010924559 6.1478933e-10)
(0.00094265142 0.00015952616 2.3055151e-08)
(0.0007510031 0.00017570551 3.4518253e-08)
(0.00052577516 0.00014909429 6.2139504e-08)
(0.00027608166 7.4319375e-05 7.6023199e-08)
(1.9078318e-05 -5.1170597e-05 9.6079362e-08)
(-0.00023333767 -0.00022673527 1.2708724e-07)
(-0.0004677841 -0.00044893771 1.5560312e-07)
(-0.00067245692 -0.00071077676 1.9427539e-07)
(0.0011867416 3.5013379e-05 6.8264853e-08)
(0.00109045 0.00010926012 3.9047376e-08)
(0.00094281188 0.00015954973 3.7486485e-08)
(0.00075107659 0.00017570204 2.5118607e-08)
(0.00052556187 0.0001489931 4.2357798e-08)
(0.00027582162 7.4176025e-05 4.4877853e-08)
(1.8616968e-05 -5.1467645e-05 6.4922359e-08)
(-0.00023404606 -0.00022725635 9.0958374e-08)
(-0.00046870504 -0.00044972763 1.2298443e-07)
(-0.00067362968 -0.00071194215 1.5190266e-07)
(0.0011867463 3.4994893e-05 7.3135819e-08)
(0.0010903493 0.00010925581 8.8374553e-08)
(0.00094288059 0.00015957724 6.4126831e-08)
(0.00075115811 0.0001757165 3.064716e-08)
(0.00052541827 0.00014892587 3.1422788e-08)
(0.0002756939 7.4095569e-05 2.6040358e-08)
(1.8302545e-05 -5.1685052e-05 3.9431311e-08)
(-0.0002345903 -0.00022767118 6.0999082e-08)
(-0.0004694561 -0.00045037903 9.0403424e-08)
(-0.00067453536 -0.00071285629 1.1450534e-07)
(0.001186907 3.4967773e-05 1.1208684e-08)
(0.0010900195 0.00010921173 7.5457414e-08)
(0.00094282025 0.00015959304 6.1178259e-08)
(0.00075121643 0.00017574001 3.918162e-08)
(0.0005253016 0.00014887788 3.4887372e-08)
(0.00027558702 7.4034717e-05 2.9632215e-08)
(1.807747e-05 -5.1840434e-05 3.4463255e-08)
(-0.00023498404 -0.00022797646 4.9219021e-08)
(-0.00047002024 -0.00045087471 7.0166512e-08)
(-0.00067524425 -0.00071357292 8.9423053e-08)
(0.001187309 3.4981591e-05 -4.4033294e-08)
(0.0010899891 0.00010918558 1.2572089e-08)
(0.0009427916 0.000159586 2.458386e-08)
(0.00075119519 0.00017573165 2.9600018e-08)
(0.00052516542 0.00014882461 3.2991198e-08)
(0.00027543164 7.396214e-05 3.2899628e-08)
(1.7887953e-05 -5.1956614e-05 3.415671e-08)
(-0.00023529919 -0.00022820412 4.5456083e-08)
(-0.00047042567 -0.00045121719 5.6451562e-08)
(-0.00067577398 -0.00071409041 7.0872039e-08)
(0.0011876236 3.5013627e-05 -2.5213201e-08)
(0.0010901709 0.0001091902 6.2117977e-09)
(0.00094282242 0.00015957515 8.7904327e-09)
(0.00075119068 0.0001757179 1.5108434e-08)
(0.00052503868 0.00014877018 1.6685838e-08)
(0.00027528793 7.389436e-05 1.5178843e-08)
(1.7738873e-05 -5.2046809e-05 1.3455092e-08)
(-0.00023554443 -0.00022837621 1.7852586e-08)
(-0.00047068683 -0.00045143607 2.2149926e-08)
(-0.00067613287 -0.00071443758 3.1155615e-08)
(0.00118774 3.5005153e-05 1.434361e-09)
(0.0010900899 0.00010917855 1.1346336e-08)
(0.0009428906 0.00015959469 3.1669047e-09)
(0.00075124701 0.00017573272 2.4011007e-09)
(0.00052505295 0.00014877259 -6.9214915e-11)
(0.00027528873 7.3889134e-05 -2.0224879e-09)
(1.7724609e-05 -5.2065845e-05 -3.4681841e-09)
(-0.00023558607 -0.00022842158 -3.2856755e-09)
(-0.00047075323 -0.00045151446 -1.6392086e-09)
(-0.00067625362 -0.00071458019 1.6973613e-09)
)
;
    }
    front
    {
        type            symmetry;
    }
    back
    {
        type            symmetry;
    }
    defaultFaces
    {
        type            empty;
    }
}


// ************************************************************************* //
