/*--------------------------------*- C++ -*----------------------------------*\
| =========                 |                                                 |
| \\      /  F ield         | OpenFOAM: The Open Source CFD Toolbox           |
|  \\    /   O peration     | Version:  2112                                  |
|   \\  /    A nd           | Website:  www.openfoam.com                      |
|    \\/     M anipulation  |                                                 |
\*---------------------------------------------------------------------------*/
FoamFile
{
    version     2.0;
    format      ascii;
    arch        "LSB;label=32;scalar=64";
    class       volVectorField;
    location    "160";
    object      moment;
}
// * * * * * * * * * * * * * * * * * * * * * * * * * * * * * * * * * * * * * //

dimensions      [1 2 -2 0 0 0 0];

internalField   uniform (0 0 0);

boundaryField
{
    outlet
    {
        type            calculated;
        value           uniform (0 0 0);
    }
    walls
    {
        type            calculated;
        value           uniform (0 0 0);
    }
    inlet
    {
        type            calculated;
        value           uniform (0 0 0);
    }
    hole
    {
        type            calculated;
        value           nonuniform List<vector> 
1600
(
(0.00029642253 -0.0002797075 -4.1760447e-05)
(0.00030309 -0.0002443193 -5.6090163e-05)
(0.00031781818 -0.00021874443 -7.1837498e-05)
(0.0003113255 -0.00018297203 -8.296226e-05)
(0.00026750247 -0.00012933152 -7.920037e-05)
(0.00024500212 -9.1333631e-05 -7.686998e-05)
(0.00024639562 -6.9092842e-05 -8.3277119e-05)
(0.00025362429 -5.1082051e-05 -9.3274733e-05)
(0.0002486825 -2.948826e-05 -9.7506287e-05)
(0.00024197549 -8.3093312e-06 -0.00010010896)
(0.00027847415 -0.00026372814 -4.4458669e-05)
(0.00028088935 -0.0002267029 -5.8407724e-05)
(0.00029006685 -0.00019957651 -7.3420951e-05)
(0.00027942947 -0.00016352677 -8.2952167e-05)
(0.00024576819 -0.00011761245 -8.0646045e-05)
(0.00022880297 -8.4635299e-05 -7.9930035e-05)
(0.00022951965 -6.4120273e-05 -8.672796e-05)
(0.00023438643 -4.6853034e-05 -9.6294854e-05)
(0.00022804417 -2.6809341e-05 -9.9993731e-05)
(0.00022180078 -7.3062751e-06 -0.00010255699)
(0.000255323 -0.00024210006 -4.6523041e-05)
(0.0002570459 -0.00020736066 -6.0706273e-05)
(0.00026409212 -0.0001813476 -7.574347e-05)
(0.00025333404 -0.00014729725 -8.4757071e-05)
(0.00022957445 -0.00010875206 -8.4727376e-05)
(0.00021726635 -8.0279419e-05 -8.6219848e-05)
(0.00021718019 -6.09083e-05 -9.3520363e-05)
(0.00021868127 -4.352197e-05 -0.00010197124)
(0.00021083986 -2.4489441e-05 -0.00010483232)
(0.0002049188 -6.4584461e-06 -0.00010745151)
(0.00022607325 -0.00021432257 -4.77027e-05)
(0.00022836528 -0.00018401705 -6.2334485e-05)
(0.00023430709 -0.00016044676 -7.7490278e-05)
(0.00022584574 -0.0001303797 -8.6705566e-05)
(0.00021089432 -9.9186073e-05 -8.9496392e-05)
(0.0002031754 -7.5161427e-05 -9.3515731e-05)
(0.00020284417 -5.7158567e-05 -0.00010149617)
(0.00020198192 -4.0082631e-05 -0.00010900919)
(0.00019349739 -2.2175856e-05 -0.00011115194)
(0.00018746687 -5.7145786e-06 -0.00011368874)
(0.00019754289 -0.00018731066 -4.9576354e-05)
(0.00019902445 -0.00016024806 -6.4460402e-05)
(0.00020337422 -0.00013882892 -7.9514143e-05)
(0.00019776563 -0.00011331398 -8.932801e-05)
(0.00018898747 -8.8370797e-05 -9.4744845e-05)
(0.00018437366 -6.8243107e-05 -0.0001009181)
(0.00018359316 -5.192e-05 -0.00010942873)
(0.00018145197 -3.5822087e-05 -0.00011616721)
(0.00017328771 -1.9554731e-05 -0.00011792603)
(0.00016751343 -4.9078832e-06 -0.00012049406)
(0.00016641605 -0.00015780422 -5.1485485e-05)
(0.00016761634 -0.0001347764 -6.6706847e-05)
(0.00017046577 -0.00011591013 -8.1586103e-05)
(0.00016760069 -9.5332859e-05 -9.2380721e-05)
(0.00016296445 -7.5761708e-05 -0.00010007592)
(0.00015996558 -5.9203109e-05 -0.00010791207)
(0.00015862511 -4.4816328e-05 -0.00011646866)
(0.00015627098 -3.0513248e-05 -0.00012277869)
(0.00014920305 -1.6498186e-05 -0.00012460359)
(0.00014397576 -3.9450493e-06 -0.00012720385)
(0.00013121437 -0.00012425308 -5.2671417e-05)
(0.00013300079 -0.00010659672 -6.8462014e-05)
(0.00013524155 -9.1478476e-05 -8.3568961e-05)
(0.00013396696 -7.5658862e-05 -9.5277732e-05)
(0.00013171632 -6.0847754e-05 -0.00010468565)
(0.00012965663 -4.7807406e-05 -0.00011362598)
(0.00012852992 -3.5992966e-05 -0.00012232627)
(0.00012681053 -2.4289844e-05 -0.00012885327)
(0.00012118449 -1.2984667e-05 -0.00013100118)
(0.0001170037 -2.7953588e-06 -0.00013383007)
(9.3095162e-05 -8.7851052e-05 -5.3042055e-05)
(9.5617872e-05 -7.6211789e-05 -6.9726391e-05)
(9.7389076e-05 -6.5421666e-05 -8.52981e-05)
(9.717564e-05 -5.4381637e-05 -9.7919437e-05)
(9.6159738e-05 -4.398906e-05 -0.00010851117)
(9.4904255e-05 -3.4592808e-05 -0.00011822111)
(9.460653e-05 -2.5966393e-05 -0.00012767251)
(9.3545471e-05 -1.7340524e-05 -0.00013467175)
(8.9471873e-05 -9.0130692e-06 -0.00013704495)
(8.6662436e-05 -1.4661701e-06 -0.00014038828)
(5.3808725e-05 -5.0392697e-05 -5.2956929e-05)
(5.6033273e-05 -4.4193454e-05 -7.0548214e-05)
(5.7277055e-05 -3.7952647e-05 -8.6617526e-05)
(5.761367e-05 -3.1665079e-05 -0.00010017492)
(5.7319997e-05 -2.5626065e-05 -0.00011165615)
(5.6904499e-05 -2.0106911e-05 -0.00012229907)
(5.7172749e-05 -1.4970884e-05 -0.00013283461)
(5.6650348e-05 -9.699302e-06 -0.00014009641)
(5.4358996e-05 -4.6046021e-06 -0.00014266991)
(5.3002812e-05 2.5641991e-08 -0.00014695338)
(1.4429679e-05 -1.2929284e-05 -5.3090192e-05)
(1.5091021e-05 -1.1221261e-05 -7.1330843e-05)
(1.5609581e-05 -9.5248312e-06 -8.7811746e-05)
(1.5918279e-05 -7.8177636e-06 -0.00010218929)
(1.5995632e-05 -6.1356002e-06 -0.00011445721)
(1.5997182e-05 -4.5837054e-06 -0.00012627365)
(1.6316279e-05 -3.0661005e-06 -0.00013766358)
(1.65316e-05 -1.4064574e-06 -0.00014488011)
(1.6202106e-05 2.0540416e-07 -0.00014785851)
(1.5912898e-05 1.6261716e-06 -0.000153503)
(-2.6188444e-05 2.5461725e-05 -5.366476e-05)
(-2.7129461e-05 2.2663278e-05 -7.2202842e-05)
(-2.7432663e-05 1.9745455e-05 -8.8935658e-05)
(-2.7501175e-05 1.6959041e-05 -0.00010386782)
(-2.7528897e-05 1.4323737e-05 -0.00011708654)
(-2.777021e-05 1.1929792e-05 -0.00013012303)
(-2.7550608e-05 9.6561668e-06 -0.00014196104)
(-2.6230576e-05 7.4219518e-06 -0.00014894268)
(-2.4742926e-05 5.3450628e-06 -0.00015273708)
(-2.4633783e-05 3.3153827e-06 -0.00016003998)
(-6.7737147e-05 6.4454346e-05 -5.357509e-05)
(-7.0028775e-05 5.702916e-05 -7.2548425e-05)
(-7.1395247e-05 4.9583478e-05 -8.9670189e-05)
(-7.2297807e-05 4.2445121e-05 -0.0001052425)
(-7.3001937e-05 3.5621491e-05 -0.00011940819)
(-7.4052036e-05 2.9310932e-05 -0.00013349814)
(-7.3706955e-05 2.3012144e-05 -0.00014540352)
(-7.092774e-05 1.6647923e-05 -0.00015215013)
(-6.834987e-05 1.0747251e-05 -0.00015736958)
(-6.8618165e-05 5.0188715e-06 -0.00016624047)
(-0.00010932537 0.00010307069 -5.2906626e-05)
(-0.00011248476 9.0999871e-05 -7.2287556e-05)
(-0.00011574955 7.9615599e-05 -9.0017144e-05)
(-0.00011815062 6.8436016e-05 -0.00010632283)
(-0.00012006109 5.759095e-05 -0.00012141357)
(-0.00012211554 4.7296159e-05 -0.00013615674)
(-0.00012122894 3.674574e-05 -0.00014787278)
(-0.0001170675 2.613723e-05 -0.00015474055)
(-0.0001143946 1.6348807e-05 -0.00016163292)
(-0.00011564245 6.7270799e-06 -0.00017192209)
(-0.00014983012 0.00014009071 -5.1542972e-05)
(-0.00015591604 0.00012558008 -7.2389903e-05)
(-0.00016053083 0.00010994416 -9.0422815e-05)
(-0.00016463719 9.4763201e-05 -0.00010718778)
(-0.00016812618 7.9975508e-05 -0.0001229666)
(-0.00017079996 6.5503433e-05 -0.00013785169)
(-0.00016903288 5.0542788e-05 -0.00014921891)
(-0.00016411874 3.5730365e-05 -0.00015662674)
(-0.0001624546 2.2051158e-05 -0.00016531933)
(-0.0001648133 8.3871975e-06 -0.00017653481)
(-0.00018856755 0.00017554212 -5.0358343e-05)
(-0.00019968928 0.0001602431 -7.2375043e-05)
(-0.00020524067 0.00014019429 -9.059086e-05)
(-0.00021107893 0.0001210307 -0.00010762046)
(-0.00021593961 0.00010218303 -0.00012363977)
(-0.00021871318 8.3379859e-05 -0.0001382878)
(-0.00021611834 6.4045448e-05 -0.0001493809)
(-0.00021161456 4.5256707e-05 -0.00015780761)
(-0.00021164633 2.7679416e-05 -0.00016800828)
(-0.00021548749 9.9133874e-06 -0.00018013959)
(-0.00022791596 0.00021230529 -5.0289315e-05)
(-0.00024206526 0.0001939419 -7.2081347e-05)
(-0.00024868212 0.00016953487 -9.0198134e-05)
(-0.00025521604 0.00014597479 -0.00010693047)
(-0.00026067143 0.00012287954 -0.00012256561)
(-0.00026340258 9.9946114e-05 -0.00013679938)
(-0.00026078959 7.6655471e-05 -0.0001479044)
(-0.0002583253 5.4456384e-05 -0.00015790199)
(-0.00025934378 3.2958344e-05 -0.00016858873)
(-0.00026460183 1.1211313e-05 -0.00018121256)
(-0.00026667162 0.0002493938 -5.06977e-05)
(-0.00028114581 0.00022532498 -7.1275298e-05)
(-0.00028801005 0.0001961725 -8.8733645e-05)
(-0.00029367819 0.00016772406 -0.00010446722)
(-0.00029899922 0.00014050724 -0.00011920508)
(-0.00030241974 0.00011412263 -0.00013302313)
(-0.0003012472 8.7613056e-05 -0.00014442681)
(-0.0003037965 6.2845677e-05 -0.00015676631)
(-0.00030791388 3.7984664e-05 -0.00016910291)
(-0.00031285234 1.236405e-05 -0.00018134874)
(-0.00030282118 0.00028484447 -5.1019231e-05)
(-0.00031729088 0.00025489483 -7.0370627e-05)
(-0.00032447465 0.0002211581 -8.7087561e-05)
(-0.00033026112 0.00018844591 -0.00010209615)
(-0.00033407805 0.00015674288 -0.00011569661)
(-0.0003345768 0.00012576412 -0.00012764658)
(-0.00033347682 9.5993426e-05 -0.00013826174)
(-0.00034046803 6.913676e-05 -0.00015172911)
(-0.00034919103 4.1853463e-05 -0.00016576665)
(-0.00035301891 1.3122246e-05 -0.00017730407)
(-0.00035068546 0.00033258964 -5.3649461e-05)
(-0.00036376513 0.00029383081 -7.2296611e-05)
(-0.00036922944 0.00025254914 -8.8249819e-05)
(-0.00037132427 0.00021216984 -0.00010178889)
(-0.00037132293 0.00017356249 -0.00011335677)
(-0.00037168204 0.00013771518 -0.00012404083)
(-0.00037581979 0.00010508861 -0.00013555447)
(-0.00039050841 7.6539429e-05 -0.0001518698)
(-0.00039976716 4.6524043e-05 -0.00016685543)
(-0.00039240425 1.4373913e-05 -0.00017426143)
(-0.00035916876 0.00034665658 -5.1975202e-05)
(-0.00035941783 0.00029588128 -6.6847765e-05)
(-0.00035224364 0.00024579009 -7.8169748e-05)
(-0.00034011738 0.00019777722 -8.5649619e-05)
(-0.00033358285 0.00015719007 -9.2131048e-05)
(-0.00033879396 0.00012403577 -0.00010042727)
(-0.00036322814 9.8215034e-05 -0.00011521922)
(-0.00039923042 7.3671021e-05 -0.00013604605)
(-0.00042056832 4.5835425e-05 -0.00015522157)
(-0.00041524314 1.3790435e-05 -0.00016437062)
(1.5214454e-05 -0.00091116408 0.00026527945)
(7.7127535e-05 -0.00081120252 0.00020835536)
(0.00012272991 -0.00069859019 0.0001554633)
(0.0001556061 -0.00059591477 0.00011241911)
(0.0001798699 -0.00051055333 7.8779939e-05)
(0.00020116832 -0.00044644548 5.2957481e-05)
(0.00022325664 -0.00040210693 3.1874478e-05)
(0.00024328405 -0.00036594873 1.2306306e-05)
(0.00026001132 -0.00033195169 -6.1677359e-06)
(0.00028149539 -0.00030851023 -2.4464056e-05)
(1.8747991e-05 -0.00089219179 0.0002938279)
(8.0157582e-05 -0.00081094183 0.00023556338)
(0.00012868428 -0.00071913292 0.00018095518)
(0.00016473198 -0.00062694986 0.00013321535)
(0.00019192264 -0.00054533093 9.4155111e-05)
(0.00021380036 -0.0004780622 6.2553097e-05)
(0.00023215627 -0.00042343677 3.5936252e-05)
(0.00024664728 -0.00037551856 1.2592985e-05)
(0.00025926621 -0.00033396291 -8.0282589e-06)
(0.00027219249 -0.00030029541 -2.7408426e-05)
(1.9281218e-05 -0.00078929011 0.00029775692)
(7.3402114e-05 -0.00072172107 0.00024003943)
(0.00011675961 -0.0006435698 0.0001853938)
(0.00014907027 -0.0005633134 0.00013690494)
(0.00017373388 -0.00049215951 9.700108e-05)
(0.00019394836 -0.00043384163 6.4490743e-05)
(0.00021149398 -0.00038629392 3.7082301e-05)
(0.00022689257 -0.00034585216 1.3027977e-05)
(0.00024055397 -0.00031077998 -8.8709583e-06)
(0.00025085484 -0.00027756445 -2.9139676e-05)
(1.5389553e-05 -0.00066315886 0.00028911468)
(6.078166e-05 -0.00060348939 0.000232016)
(9.6435848e-05 -0.00053385386 0.00017781323)
(0.00012349832 -0.00046667857 0.0001314229)
(0.0001447256 -0.00040832488 9.3751742e-05)
(0.00016453712 -0.00036538214 6.3896828e-05)
(0.00018244468 -0.00033099969 3.7734567e-05)
(0.00019820428 -0.00030098827 1.3646581e-05)
(0.00021265338 -0.0002743712 -8.9032302e-06)
(0.00022224064 -0.00024592617 -2.9927124e-05)
(1.1962839e-05 -0.00056704476 0.00029250525)
(5.1177277e-05 -0.00051841091 0.00023575477)
(8.2647138e-05 -0.00046238301 0.00018210518)
(0.00010720915 -0.00040785066 0.0001357626)
(0.00012699291 -0.00035953467 9.7679035e-05)
(0.00014678563 -0.00032568814 6.7819619e-05)
(0.00016422245 -0.00029737252 4.0575915e-05)
(0.00017674891 -0.00026823839 1.4546469e-05)
(0.00018834868 -0.00024314115 -9.450794e-06)
(0.00019561785 -0.00021663204 -3.1430758e-05)
(1.0209566e-05 -0.00047100194 0.0002998451)
(4.3578931e-05 -0.00043783661 0.00024590792)
(7.1762392e-05 -0.000398639 0.00019419843)
(9.4703544e-05 -0.00035830797 0.00014768449)
(0.00011342248 -0.00032073709 0.00010756998)
(0.00012960037 -0.00028858397 7.3522445e-05)
(0.00014215883 -0.0002586882 4.2737709e-05)
(0.00015163897 -0.00023096442 1.4887668e-05)
(0.00016027565 -0.00020748113 -1.0341994e-05)
(0.00016546825 -0.00018353977 -3.3029925e-05)
(8.4819408e-06 -0.00037289068 0.00031004534)
(3.5103535e-05 -0.00034997309 0.000256608)
(5.7970311e-05 -0.00032126682 0.00020417209)
(7.6767777e-05 -0.00029013623 0.00015596471)
(9.1820169e-05 -0.00026011951 0.00011340567)
(0.00010279517 -0.00023000765 7.5588738e-05)
(0.0001112924 -0.00020326776 4.3170636e-05)
(0.00011932804 -0.00018220311 1.4915992e-05)
(0.00012645051 -0.00016412013 -1.1043768e-05)
(0.00013014806 -0.00014458911 -3.4112276e-05)
(6.0480502e-06 -0.00026351993 0.00031451182)
(2.5076945e-05 -0.00025022038 0.00026318122)
(4.1687405e-05 -0.00023160962 0.00021092538)
(5.5236279e-05 -0.0002095839 0.00016111491)
(6.5117055e-05 -0.00018529285 0.00011522877)
(7.1775547e-05 -0.00016151806 7.5254102e-05)
(7.7274019e-05 -0.00014173902 4.2513441e-05)
(8.3734475e-05 -0.00012813025 1.4712206e-05)
(8.9168842e-05 -0.00011597069 -1.1503983e-05)
(9.177893e-05 -0.00010200341 -3.4581667e-05)
(2.9286544e-06 -0.00015435204 0.00032310099)
(1.4298061e-05 -0.00014758408 0.00027239024)
(2.4188577e-05 -0.00013644968 0.00021819611)
(3.1765201e-05 -0.00012165026 0.00016417437)
(3.6740075e-05 -0.00010530832 0.00011475543)
(3.9987878e-05 -9.0539008e-05 7.3672758e-05)
(4.2999733e-05 -7.9266799e-05 4.1282587e-05)
(4.6764598e-05 -7.1756102e-05 1.415028e-05)
(5.0644523e-05 -6.5862449e-05 -1.1548796e-05)
(5.2599769e-05 -5.8311657e-05 -3.463442e-05)
(-2.0137717e-07 -3.8182002e-05 0.00032787407)
(2.897241e-06 -3.5704312e-05 0.00027446604)
(5.4393115e-06 -3.1865419e-05 0.00021675809)
(7.132692e-06 -2.7153669e-05 0.00015959021)
(8.0284883e-06 -2.2777804e-05 0.00010902295)
(8.6414659e-06 -1.9498985e-05 6.9253364e-05)
(9.3174105e-06 -1.7194911e-05 3.8644129e-05)
(1.03892e-05 -1.594189e-05 1.3617338e-05)
(1.2036136e-05 -1.5550566e-05 -1.0807647e-05)
(1.355539e-05 -1.4693578e-05 -3.4468363e-05)
(-2.6844424e-06 7.9375687e-05 0.00031864802)
(-7.9902585e-06 7.4994642e-05 0.00026318809)
(-1.2457028e-05 6.8795919e-05 0.00020647349)
(-1.5917778e-05 6.0928378e-05 0.00015277235)
(-1.8186842e-05 5.2901426e-05 0.00010499006)
(-1.9633964e-05 4.537462e-05 6.562319e-05)
(-2.1125386e-05 3.9578616e-05 3.595703e-05)
(-2.3372397e-05 3.5938412e-05 1.2858594e-05)
(-2.5957177e-05 3.3470893e-05 -9.6908539e-06)
(-2.6169537e-05 2.9312204e-05 -3.3627067e-05)
(-5.5792265e-06 0.0001877402 0.00030762373)
(-1.9195615e-05 0.00018037444 0.00026057384)
(-3.069429e-05 0.00016835958 0.00020877326)
(-3.9111767e-05 0.00015060081 0.00015471885)
(-4.3775551e-05 0.00012843495 0.00010375993)
(-4.6435699e-05 0.00010802198 6.3414582e-05)
(-4.8494173e-05 9.1376915e-05 3.3408696e-05)
(-5.2373355e-05 8.0846318e-05 1.1392084e-05)
(-6.0112355e-05 7.7105519e-05 -8.4775843e-06)
(-6.588338e-05 7.2347717e-05 -3.1638291e-05)
(-8.4805024e-06 0.00030251979 0.00031097575)
(-2.9884126e-05 0.00029095444 0.00026227823)
(-4.8200519e-05 0.00026950856 0.00020841591)
(-6.2033944e-05 0.00024058379 0.0001546911)
(-7.0234686e-05 0.00020639034 0.00010476243)
(-7.4384613e-05 0.00017341487 6.379468e-05)
(-7.5416676e-05 0.00014321752 3.1938641e-05)
(-7.7515746e-05 0.00012054282 9.7795278e-06)
(-8.7937092e-05 0.00011248868 -7.445768e-06)
(-0.0001032064 0.00011180605 -2.9066333e-05)
(-1.0405709e-05 0.00041188426 0.00030712063)
(-3.9693493e-05 0.00039459077 0.00025822807)
(-6.4673031e-05 0.00036399101 0.0002047383)
(-8.3469812e-05 0.00032421558 0.0001519281)
(-9.5792577e-05 0.00028121493 0.00010430184)
(-0.0001019933 0.00023813207 6.3718811e-05)
(-0.00010175556 0.0001944145 3.0846434e-05)
(-0.000101139 0.00015815329 8.7082098e-06)
(-0.00011342924 0.00014464596 -6.6191319e-06)
(-0.00013856409 0.00014896279 -2.7304355e-05)
(-1.2995592e-05 0.00051699487 0.00030339215)
(-4.917835e-05 0.00049076725 0.00025259493)
(-7.9705111e-05 0.00044930723 0.00019879903)
(-0.00010246071 0.00039814664 0.00014682499)
(-0.00011871878 0.00034765728 0.0001018455)
(-0.00012819416 0.00029848009 6.3255329e-05)
(-0.00012847236 0.00024561278 3.0597863e-05)
(-0.00012409391 0.00019465886 8.0799332e-06)
(-0.00014093207 0.00017964618 -6.4257029e-06)
(-0.00017422774 0.00018718821 -2.6935006e-05)
(-1.570589e-05 0.00062336501 0.00030167456)
(-5.9425675e-05 0.00058641206 0.00024956036)
(-9.572883e-05 0.00053402179 0.0001958419)
(-0.00012319501 0.00047432142 0.00014534374)
(-0.00014209265 0.00041372395 0.00010070338)
(-0.0001543992 0.00035767438 6.3197718e-05)
(-0.00015684678 0.00029826005 3.133009e-05)
(-0.00015389458 0.00024047549 8.678613e-06)
(-0.00017544107 0.00022464114 -7.1582661e-06)
(-0.00021064961 0.00022772836 -2.7787448e-05)
(-1.8783044e-05 0.00073809439 0.00030405087)
(-7.1744932e-05 0.00069795889 0.00025359607)
(-0.00011635695 0.00064013877 0.00020110964)
(-0.00015116769 0.00057440616 0.00015139981)
(-0.00017605064 0.00050626548 0.00010658091)
(-0.0001924461 0.00044118503 6.7831243e-05)
(-0.00019662356 0.00037093087 3.4247575e-05)
(-0.00019611655 0.00030534061 9.8319846e-06)
(-0.00022157917 0.00028556759 -8.5709529e-06)
(-0.00025011294 0.00027306672 -2.9579381e-05)
(-2.3142675e-05 0.00086906651 0.00031230753)
(-8.651299e-05 0.00083184704 0.00026376395)
(-0.00014156044 0.00077355184 0.00021218)
(-0.00018574646 0.00070205303 0.00016173179)
(-0.00021803461 0.00062384352 0.00011504321)
(-0.0002389411 0.00054473443 7.3749057e-05)
(-0.00024689408 0.00046247156 3.8224214e-05)
(-0.0002500802 0.00038933997 1.0915264e-05)
(-0.0002660825 0.00034631844 -1.0360817e-05)
(-0.00028606718 0.00031531158 -3.0907147e-05)
(-2.682983e-05 0.00099013901 0.00031523626)
(-9.9389381e-05 0.00095379544 0.0002678012)
(-0.000163754 0.00089548934 0.00021731296)
(-0.00021651394 0.00081975451 0.00016689898)
(-0.00025734725 0.00073692445 0.00012014687)
(-0.00028558603 0.00065052865 7.8088569e-05)
(-0.00030173998 0.00056415052 4.1574387e-05)
(-0.00030816447 0.00048128755 1.145912e-05)
(-0.00031676862 0.00041626788 -1.2373969e-05)
(-0.00033436168 0.00037211721 -3.3526661e-05)
(-2.9821357e-05 0.0011040281 0.00031520079)
(-0.0001104283 0.0010649232 0.00026784759)
(-0.00018255873 0.0010029437 0.0002177925)
(-0.00024237694 0.00092262976 0.00016772093)
(-0.00028776641 0.00082973744 0.00012022846)
(-0.00031876219 0.00073209149 7.7443469e-05)
(-0.00033487537 0.00063222503 4.0194959e-05)
(-0.00034167477 0.00053940869 9.873707e-06)
(-0.00034671969 0.00046166906 -1.4132374e-05)
(-0.0003547681 0.00040115903 -3.4374524e-05)
(0.00010967565 7.1772747e-05 -9.368698e-05)
(0.00018380778 0.0001180581 -0.00013979092)
(0.00024936191 0.00014305947 -0.00017444727)
(0.00030019772 0.00014837617 -0.0001954882)
(0.00032910416 0.00013664329 -0.0002003388)
(0.00033004674 0.0001122106 -0.00018777931)
(0.0003071091 8.2392829e-05 -0.0001630331)
(0.00027987879 5.5476077e-05 -0.00013847927)
(0.00025934808 3.2372918e-05 -0.00012020104)
(0.00024886484 1.1759163e-05 -0.00010870484)
(9.8365408e-05 6.4522364e-05 -9.4070134e-05)
(0.0001648309 0.00010600657 -0.0001403818)
(0.00022364113 0.00012843697 -0.00017521807)
(0.00026950383 0.00013333871 -0.00019655315)
(0.00029591796 0.00012299525 -0.00020174458)
(0.00029760791 0.00010129565 -0.00018963637)
(0.00027797564 7.4688426e-05 -0.00016525735)
(0.00025424547 5.0493211e-05 -0.0001408722)
(0.00023613991 2.9584695e-05 -0.00012254008)
(0.00022755962 1.0957981e-05 -0.00011120146)
(8.7359679e-05 5.7526767e-05 -9.4856667e-05)
(0.00014624737 9.4236815e-05 -0.00014149636)
(0.00019852929 0.00011417808 -0.00017673241)
(0.00023961202 0.00011871221 -0.00019856391)
(0.00026376667 0.00010976898 -0.00020434467)
(0.00026648002 9.0818044e-05 -0.0001929597)
(0.00025028551 6.7322633e-05 -0.00016911118)
(0.00023042176 4.5805181e-05 -0.00014512088)
(0.00021504101 2.6976438e-05 -0.0001268444)
(0.00020844637 1.0094529e-05 -0.00011576054)
(7.6431298e-05 5.0585663e-05 -9.598776e-05)
(0.00012780834 8.2562876e-05 -0.00014312465)
(0.00017358675 0.0001000167 -0.000178902)
(0.00020994131 0.00010418288 -0.00020143655)
(0.00023189602 9.6647441e-05 -0.00020803377)
(0.00023565307 8.0409214e-05 -0.00019762474)
(0.0002229386 6.001943e-05 -0.00017448839)
(0.00020671163 4.1089729e-05 -0.00015085522)
(0.00019407762 2.434684e-05 -0.00013264992)
(0.00018927468 9.2278336e-06 -0.0001217298)
(6.5401094e-05 4.3552164e-05 -9.7414139e-05)
(0.00010923242 7.0782319e-05 -0.00014520181)
(0.00014839645 8.5700247e-05 -0.0001815991)
(0.00017989844 8.9451903e-05 -0.00020498701)
(0.00019944852 8.3280302e-05 -0.00021250577)
(0.00020392074 6.9692415e-05 -0.00020314649)
(0.00019435204 5.2398288e-05 -0.00018072171)
(0.00018144303 3.6089278e-05 -0.0001573697)
(0.00017147288 2.1554824e-05 -0.00013925589)
(0.00016813468 8.3195294e-06 -0.00012837523)
(5.4099761e-05 3.6280499e-05 -9.9064309e-05)
(9.0253323e-05 5.8700374e-05 -0.00014762975)
(0.00012265421 7.1033625e-05 -0.00018475697)
(0.00014906986 7.4308075e-05 -0.00020911487)
(0.0001659213 6.9448018e-05 -0.00021766004)
(0.00017073901 5.848654e-05 -0.00020944751)
(0.00016393903 4.4311774e-05 -0.00018771931)
(0.000153946 3.0701117e-05 -0.0001644441)
(0.00014634472 1.8524713e-05 -0.00014628115)
(0.0001440106 7.3614843e-06 -0.00013514423)
(4.2430609e-05 2.869317e-05 -0.00010092764)
(7.0662285e-05 4.6163507e-05 -0.00015030848)
(9.6091726e-05 5.5847471e-05 -0.0001882903)
(0.00011709226 5.8562273e-05 -0.0002136948)
(0.00013087766 5.4963041e-05 -0.00022337911)
(0.00013559632 4.6616427e-05 -0.00021641836)
(0.0001311961 3.5621613e-05 -0.00019542916)
(0.00012386814 2.4855819e-05 -0.00017209521)
(0.00011831527 1.5185729e-05 -0.00015366282)
(0.00011677007 6.3234527e-06 -0.00014203695)
(3.0280406e-05 2.0696398e-05 -0.00010292819)
(5.0308454e-05 3.305979e-05 -0.00015313291)
(6.8503513e-05 4.0014376e-05 -0.00019212957)
(8.3699491e-05 4.2074278e-05 -0.00021863722)
(9.3974622e-05 3.9682886e-05 -0.00022955572)
(9.8068985e-05 3.3936777e-05 -0.00022396158)
(9.5689263e-05 2.6217728e-05 -0.00020383043)
(9.0837218e-05 1.8477111e-05 -0.00018033788)
(8.7132182e-05 1.1491436e-05 -0.00016143788)
(8.632016e-05 5.1658652e-06 -0.00014915749)
(1.7597159e-05 1.2240441e-05 -0.00010511731)
(2.9121172e-05 1.9336747e-05 -0.00015608129)
(3.9719798e-05 2.3429738e-05 -0.00019616053)
(4.8671103e-05 2.4724531e-05 -0.00022379828)
(5.4944385e-05 2.3495572e-05 -0.00023608308)
(5.7798271e-05 2.0328573e-05 -0.00023192337)
(5.6977448e-05 1.5987794e-05 -0.00021281311)
(5.4457853e-05 1.1491233e-05 -0.00018911367)
(5.2498745e-05 7.3969729e-06 -0.00016957201)
(5.245487e-05 3.8479684e-06 -0.00015655448)
(4.2880478e-06 3.2417784e-06 -0.0001072521)
(7.0369049e-06 4.9484178e-06 -0.00015897845)
(9.6463425e-06 6.0376679e-06 -0.00020028865)
(1.1890066e-05 6.4526513e-06 -0.0002290503)
(1.3590507e-05 6.3179664e-06 -0.00024279366)
(1.4544263e-05 5.7165419e-06 -0.00024012429)
(1.4713714e-05 4.8514355e-06 -0.00022220149)
(1.4383524e-05 3.8370248e-06 -0.00019826814)
(1.4170061e-05 2.8812927e-06 -0.00017791752)
(1.4921386e-05 2.3352382e-06 -0.00016409487)
(-9.6317664e-06 -6.2846644e-06 -0.00010942433)
(-1.5923554e-05 -1.0081682e-05 -0.00016190414)
(-2.1748974e-05 -1.218143e-05 -0.00020438722)
(-2.666554e-05 -1.2750312e-05 -0.00023420849)
(-3.0161071e-05 -1.1881448e-05 -0.00024949452)
(-3.178873e-05 -9.9283381e-06 -0.00024829476)
(-3.1304533e-05 -7.2362842e-06 -0.00023177476)
(-2.9586256e-05 -4.5171605e-06 -0.00020757491)
(-2.7956351e-05 -2.0565565e-06 -0.00018631663)
(-2.637468e-05 6.1775596e-07 -0.00017165737)
(-2.4140928e-05 -1.6324433e-05 -0.00011146936)
(-3.9742376e-05 -2.5743269e-05 -0.00016473052)
(-5.4410759e-05 -3.1201915e-05 -0.00020827722)
(-6.6894352e-05 -3.2822998e-05 -0.00023911521)
(-7.6226362e-05 -3.1069696e-05 -0.00025591635)
(-8.1069229e-05 -2.6551912e-05 -0.00025611475)
(-8.1052022e-05 -2.0270202e-05 -0.00024112696)
(-7.7395792e-05 -1.3548826e-05 -0.00021666029)
(-7.3756869e-05 -7.3781462e-06 -0.00019445496)
(-7.1264037e-05 -1.2976771e-06 -0.00017879351)
(-3.916304e-05 -2.6804483e-05 -0.00011334076)
(-6.4338342e-05 -4.1981165e-05 -0.00016736057)
(-8.8166359e-05 -5.0917955e-05 -0.0002117877)
(-0.0001086021 -5.3661438e-05 -0.00024363095)
(-0.00012432971 -5.1133207e-05 -0.0002617892)
(-0.00013296572 -4.4041513e-05 -0.00026332391)
(-0.00013416293 -3.415662e-05 -0.00024982389)
(-0.00012882846 -2.3230451e-05 -0.00022536226)
(-0.00012289904 -1.3034115e-05 -0.00020211169)
(-0.00011928465 -3.393717e-06 -0.00018527027)
(-5.4534865e-05 -3.7581839e-05 -0.00011487122)
(-8.9487776e-05 -5.8609467e-05 -0.00016958123)
(-0.00012274906 -7.1140327e-05 -0.00021480932)
(-0.00015151204 -7.5125744e-05 -0.00024762455)
(-0.00017397352 -7.1859279e-05 -0.00026680687)
(-0.00018692286 -6.222234e-05 -0.0002695992)
(-0.00018976274 -4.8675395e-05 -0.0002572041)
(-0.00018312591 -3.3429768e-05 -0.0002330154)
(-0.00017464915 -1.8964161e-05 -0.00020876405)
(-0.00016933631 -5.6024304e-06 -0.00019044445)
(-7.0235801e-05 -4.864553e-05 -0.00011624121)
(-0.00011515102 -7.5637408e-05 -0.00017155835)
(-0.00015787543 -9.1700285e-05 -0.00021726874)
(-0.00019526114 -9.7048327e-05 -0.00025094711)
(-0.00022452316 -9.2972004e-05 -0.00027076682)
(-0.00024223278 -8.0880947e-05 -0.00027470288)
(-0.00024679042 -6.3564083e-05 -0.0002629622)
(-0.00023932316 -4.3980127e-05 -0.00023930879)
(-0.00022829852 -2.5180345e-05 -0.00021425513)
(-0.00022048807 -7.8720065e-06 -0.00019435447)
(-8.6106719e-05 -5.9849414e-05 -0.00011734538)
(-0.00014108046 -9.2877168e-05 -0.00017313734)
(-0.00019324068 -0.00011240409 -0.00021913152)
(-0.00023930144 -0.00011914436 -0.00025338363)
(-0.00027523986 -0.00011415787 -0.00027349921)
(-0.00029763306 -9.9613782e-05 -0.00027805101)
(-0.00030348174 -7.8387238e-05 -0.00026637988)
(-0.0002950236 -5.4497733e-05 -0.00024291451)
(-0.0002809996 -3.1404396e-05 -0.0002169491)
(-0.00027015939 -1.0077173e-05 -0.0001958307)
(-0.00010206025 -7.1129123e-05 -0.0001182038)
(-0.00016700405 -0.00011011339 -0.00017423863)
(-0.00022865868 -0.0001331504 -0.00022047978)
(-0.0002831278 -0.00014113768 -0.00025489687)
(-0.00032570512 -0.00013525606 -0.00027518835)
(-0.00035230846 -0.00011812572 -0.00027980295)
(-0.00035932521 -9.3045986e-05 -0.00026809034)
(-0.00034934202 -6.4832551e-05 -0.00024440222)
(-0.00033265022 -3.7652111e-05 -0.00021800317)
(-0.00031873261 -1.2326579e-05 -0.00019610026)
(-0.00011805377 -8.246425e-05 -0.00011886405)
(-0.00019270759 -0.00012717514 -0.0001748726)
(-0.00026393649 -0.00015383907 -0.00022134368)
(-0.0003262919 -0.0001627899 -0.0002555064)
(-0.00037514034 -0.00015594908 -0.00027566367)
(-0.00040478052 -0.00013594301 -0.00027954067)
(-0.00041150859 -0.00010687915 -0.00026687539)
(-0.00039773799 -7.4306081e-05 -0.00024168819)
(-0.00037657576 -4.3215402e-05 -0.00021420749)
(-0.00035969341 -1.4526911e-05 -0.00019200198)
(-0.00013385864 -9.3629265e-05 -0.00011922352)
(-0.00021835415 -0.00014420061 -0.00017531434)
(-0.00029874174 -0.00017424598 -0.00022166208)
(-0.00036904253 -0.00018419105 -0.0002557187)
(-0.00042386975 -0.00017634923 -0.00027557032)
(-0.00045629071 -0.00015338354 -0.00027879014)
(-0.00046267578 -0.00012044152 -0.00026536169)
(-0.00044484649 -8.3476738e-05 -0.00023895439)
(-0.00041989934 -4.8675703e-05 -0.00021100832)
(-0.00040015775 -1.6931778e-05 -0.00018843099)
(-0.00014950696 -0.00010466197 -0.00011939401)
(-0.00024369449 -0.00016100918 -0.00017545182)
(-0.00033318066 -0.00019437202 -0.00022170782)
(-0.00041133551 -0.00020539519 -0.00025558428)
(-0.00047129145 -0.00019616388 -0.00027475962)
(-0.00050587593 -0.00017023259 -0.00027710293)
(-0.00050913606 -0.00013288582 -0.00026166566)
(-0.00048440281 -9.1371506e-05 -0.00023304668)
(-0.00045280955 -5.3494269e-05 -0.00020337176)
(-0.0004224429 -1.8889078e-05 -0.00017768677)
(-2.4039025e-05 -0.00057073324 0.00019618059)
(-6.4861896e-05 -0.00056594883 0.00020819697)
(-0.00010087692 -0.0005367095 0.0002103224)
(-0.00012771133 -0.00048613135 0.00020203401)
(-0.00014105435 -0.00041770329 0.00018226226)
(-0.00013848918 -0.00033601038 0.00015194007)
(-0.00011845382 -0.00024674217 0.00011204781)
(-8.1348764e-05 -0.00015635197 6.4768219e-05)
(-2.9017767e-05 -7.0090274e-05 1.2952423e-05)
(3.5084153e-05 5.9515548e-06 -4.0350047e-05)
(-2.1442995e-05 -0.00050938627 0.00019616871)
(-5.7875139e-05 -0.00050501551 0.00020815895)
(-9.001832e-05 -0.00047894144 0.00021029582)
(-0.00011396206 -0.00043379856 0.00020200423)
(-0.00012583281 -0.00037262312 0.00018218375)
(-0.00012355033 -0.00029975824 0.00015188258)
(-0.00010560995 -0.00022000592 0.00011193046)
(-7.2448635e-05 -0.00013929126 6.4617847e-05)
(-2.5664142e-05 -6.2239819e-05 1.2739713e-05)
(3.1665187e-05 5.7178774e-06 -4.0647788e-05)
(-1.8872286e-05 -0.00044811278 0.00019622833)
(-5.0895641e-05 -0.00044419847 0.00020815343)
(-7.9155258e-05 -0.00042120118 0.00021025753)
(-0.00010019428 -0.0003814117 0.00020192964)
(-0.00011061237 -0.00032756884 0.00018208412)
(-0.00010857146 -0.00026344103 0.0001517482)
(-9.2731015e-05 -0.00019322911 0.00011173034)
(-6.3457025e-05 -0.00012211699 6.4311723e-05)
(-2.219386e-05 -5.4262646e-05 1.233471e-05)
(2.8436526e-05 5.6618734e-06 -4.1230595e-05)
(-1.6290883e-05 -0.00038671129 0.00019623017)
(-4.3922376e-05 -0.00038335959 0.00020815361)
(-6.8289537e-05 -0.00036342289 0.00021019491)
(-8.642298e-05 -0.00032900835 0.00020182301)
(-9.539841e-05 -0.00028253889 0.00018196485)
(-9.3586319e-05 -0.00022712246 0.00015155841)
(-7.9841855e-05 -0.00016644109 0.00011144938)
(-5.4449794e-05 -0.00010493327 6.3881724e-05)
(-1.8677819e-05 -4.624079e-05 1.1737684e-05)
(2.5274183e-05 5.6644244e-06 -4.2082607e-05)
(-1.3703176e-05 -0.00032530788 0.00019621511)
(-3.6947779e-05 -0.00032251233 0.00020814748)
(-5.7430539e-05 -0.00030567835 0.00021013285)
(-7.2664699e-05 -0.00027666449 0.00020171282)
(-8.0200785e-05 -0.00023756349 0.00018183707)
(-7.86161e-05 -0.00019084637 0.00015132432)
(-6.6963923e-05 -0.00013967585 0.00011108126)
(-4.547456e-05 -8.7797768e-05 6.3340563e-05)
(-1.5193823e-05 -3.8259816e-05 1.0962419e-05)
(2.2049068e-05 5.6030423e-06 -4.3167486e-05)
(-1.112076e-05 -0.0002639202 0.0001962198)
(-2.9976718e-05 -0.00026165197 0.00020814437)
(-4.6585646e-05 -0.00024796927 0.00021009586)
(-5.8928563e-05 -0.00022439692 0.0002016266)
(-6.5012023e-05 -0.00019260703 0.00018167541)
(-6.3673965e-05 -0.00015462216 0.00015105247)
(-5.4130519e-05 -0.00011298331 0.00011064178)
(-3.6569376e-05 -7.075745e-05 6.2691727e-05)
(-1.1821399e-05 -3.0410252e-05 1.0036592e-05)
(1.8681806e-05 5.4036913e-06 -4.4503539e-05)
(-8.5389265e-06 -0.00020255451 0.00019624717)
(-2.3002779e-05 -0.00020077017 0.00020811538)
(-3.5744384e-05 -0.00019024798 0.00021004776)
(-4.5206061e-05 -0.00017213966 0.00020154529)
(-4.9844946e-05 -0.00014769021 0.00018149816)
(-4.8769979e-05 -0.00011845919 0.00015074505)
(-4.1365833e-05 -8.6393268e-05 0.00011014234)
(-2.7781663e-05 -5.3875044e-05 6.1965707e-05)
(-8.6235203e-06 -2.2763112e-05 8.98084e-06)
(1.5030273e-05 4.9192825e-06 -4.5999437e-05)
(-5.9514799e-06 -0.00014116681 0.00019623926)
(-1.6028354e-05 -0.00013989749 0.00020806548)
(-2.4906321e-05 -0.00013254523 0.00020998549)
(-3.1489914e-05 -0.00011988518 0.00020143125)
(-3.4705456e-05 -0.00010283135 0.00018131564)
(-3.3913079e-05 -8.2380499e-05 0.00015039461)
(-2.869415e-05 -5.9950098e-05 0.00010960266)
(-1.9145389e-05 -3.7200869e-05 6.1187788e-05)
(-5.6619455e-06 -1.5394948e-05 7.8377609e-06)
(1.1023215e-05 4.0678914e-06 -4.7647167e-05)
(-3.3655454e-06 -7.9768843e-05 0.00019621487)
(-9.0564024e-06 -7.9057189e-05 0.00020801076)
(-1.4073965e-05 -7.4880209e-05 0.00020991848)
(-1.7787262e-05 -6.7679281e-05 0.00020129387)
(-1.959516e-05 -5.8039224e-05 0.00018112914)
(-1.9118661e-05 -4.6424561e-05 0.00015002168)
(-1.6131387e-05 -3.3686895e-05 0.0001090377)
(-1.0683859e-05 -2.0772033e-05 6.0386024e-05)
(-2.9725772e-06 -8.3483783e-06 6.6285691e-06)
(6.5610055e-06 2.742972e-06 -4.9238288e-05)
(-7.8477773e-07 -1.8365191e-05 0.00019621928)
(-2.0888125e-06 -1.8249901e-05 0.00020799459)
(-3.2498494e-06 -1.7238364e-05 0.00020986503)
(-4.103276e-06 -1.5534755e-05 0.00020114672)
(-4.5144945e-06 -1.3311131e-05 0.00018092246)
(-4.3930041e-06 -1.0599601e-05 0.0001496426)
(-3.685525e-06 -7.6147807e-06 0.0001084632)
(-2.4040756e-06 -4.5925809e-06 5.9574836e-05)
(-5.8272126e-07 -1.6584367e-06 5.3983672e-06)
(1.6799978e-06 9.890652e-07 -5.1018906e-05)
(1.7972445e-06 4.3044774e-05 0.00019625968)
(4.8726891e-06 4.2605768e-05 0.0002080297)
(7.5649128e-06 4.0407685e-05 0.00020978621)
(9.5602457e-06 3.6542486e-05 0.00020099425)
(1.0531457e-05 3.1333062e-05 0.000180698)
(1.0263054e-05 2.5090307e-05 0.00014927496)
(8.640475e-06 1.825768e-05 0.00010788928)
(5.6921968e-06 1.1334392e-05 5.8774859e-05)
(1.5033392e-06 4.672721e-06 4.1745206e-06)
(-3.665794e-06 -1.2543247e-06 -5.259478e-05)
(4.379839e-06 0.00010447837 0.0001962935)
(1.1828184e-05 0.00010352637 0.00020804404)
(1.8370007e-05 9.8006206e-05 0.00020969227)
(2.320769e-05 8.8549428e-05 0.00020088048)
(2.5540766e-05 7.5882188e-05 0.00018047496)
(2.4854529e-05 6.0654364e-05 0.00014893075)
(2.0852089e-05 4.3940281e-05 0.00010734504)
(1.3608475e-05 2.7014021e-05 5.7984063e-05)
(3.301879e-06 1.0660634e-05 3.0301075e-06)
(-9.4223355e-06 -3.9094941e-06 -5.4139763e-05)
(6.9597837e-06 0.00016590319 0.00019628007)
(1.8790376e-05 0.00016436052 0.00020802383)
(2.9179136e-05 0.00015558748 0.00020968182)
(3.6845618e-05 0.00014053355 0.00020080055)
(4.0516521e-05 0.00012037078 0.00018026121)
(3.9388611e-05 9.6118917e-05 0.0001486072)
(3.2963372e-05 6.9469669e-05 0.00010683815)
(2.1353338e-05 4.246064e-05 5.7217815e-05)
(4.8493886e-06 1.6349039e-05 1.9853723e-06)
(-1.5551202e-05 -6.9257379e-06 -5.5597867e-05)
(9.542882e-06 0.000227297 0.00019626397)
(2.5753533e-05 0.00022524857 0.00020804478)
(3.9977373e-05 0.0002131791 0.00020963933)
(5.0476956e-05 0.00019255961 0.00020074284)
(5.5457858e-05 0.00016480794 0.00018004495)
(5.3873239e-05 0.00013149054 0.00014831351)
(4.4982754e-05 9.4849797e-05 0.0001063653)
(2.8958291e-05 5.7694909e-05 5.6546764e-05)
(6.2016155e-06 2.1840236e-05 1.049898e-06)
(-2.2160068e-05 -1.0515866e-05 -5.7151902e-05)
(1.2125207e-05 0.00028871049 0.00019626333)
(3.2705501e-05 0.00028612421 0.00020801885)
(5.0759564e-05 0.0002706605 0.00020954318)
(6.4101956e-05 0.0002445859 0.00020069134)
(7.0371038e-05 0.00020915587 0.0001798493)
(6.8323377e-05 0.00016677837 0.00014806995)
(5.693188e-05 0.0001201023 0.00010595467)
(3.6465841e-05 7.2792136e-05 5.5980584e-05)
(7.3979175e-06 2.7132765e-05 2.541429e-07)
(-2.8911548e-05 -1.4223002e-05 -5.8294492e-05)
(1.4710945e-05 0.00035020175 0.00019630687)
(3.9654372e-05 0.00034693767 0.00020797453)
(6.1546583e-05 0.00032816546 0.00020949679)
(7.769881e-05 0.00029649562 0.00020058478)
(8.5282755e-05 0.00025345478 0.00017972281)
(8.274852e-05 0.00020201214 0.00014786574)
(6.8841173e-05 0.00014528695 0.00010562164)
(4.3906859e-05 8.780595e-05 5.5506735e-05)
(8.4929502e-06 3.2307893e-05 -4.0725778e-07)
(-3.580899e-05 -1.8064921e-05 -5.9237051e-05)
(1.7288835e-05 0.00041174579 0.00019634158)
(4.6606472e-05 0.00040774141 0.00020794751)
(7.2336797e-05 0.00038570641 0.00020947647)
(9.1292015e-05 0.00034833197 0.00020049947)
(0.00010022885 0.00029787035 0.00017969473)
(9.7119405e-05 0.00023715186 0.00014763322)
(8.0764025e-05 0.00017051521 0.00010540152)
(5.1283529e-05 0.00010274127 5.5086014e-05)
(9.5449852e-06 3.7433641e-05 -9.2377257e-07)
(-4.2751468e-05 -2.1950314e-05 -5.9949912e-05)
(1.9853017e-05 0.00047319618 0.00019631066)
(5.3561848e-05 0.00046857493 0.00020794049)
(8.3133637e-05 0.00044326466 0.00020947567)
(0.00010490689 0.00040026521 0.00020047825)
(0.00011515126 0.00034226738 0.00017963388)
(0.00011149338 0.0002722969 0.00014746553)
(9.2674068e-05 0.0001957241 0.00010522215)
(5.8663792e-05 0.00011767655 5.4780326e-05)
(1.0576929e-05 4.2519437e-05 -1.3205086e-06)
(-4.9625667e-05 -2.5759737e-05 -6.0414402e-05)
(2.2419027e-05 0.00053455484 0.00019626229)
(6.0516098e-05 0.00052934899 0.0002079208)
(9.3939957e-05 0.00050083757 0.00020949186)
(0.00011853066 0.00045225915 0.00020047785)
(0.00013004618 0.00038656311 0.00017955013)
(0.00012592443 0.00030755854 0.00014740629)
(0.00010454954 0.00022086194 0.00010504884)
(6.6105467e-05 0.00013269028 5.4608791e-05)
(1.1641523e-05 4.7642819e-05 -1.5953446e-06)
(-5.6442161e-05 -2.9520671e-05 -6.0717996e-05)
(2.5004191e-05 0.00059603639 0.00019628454)
(6.7474234e-05 0.00059022348 0.00020792965)
(0.0001047403 0.00055843224 0.00020949857)
(0.00013214972 0.0005042349 0.00020047037)
(0.00014497511 0.00043093796 0.00017952678)
(0.00014037499 0.00034286793 0.00014737975)
(0.0001164782 0.00024608425 0.00010496462)
(7.3614526e-05 0.00014780175 5.4532414e-05)
(1.2810412e-05 5.2893428e-05 -1.727922e-06)
(-6.3145275e-05 -3.3163906e-05 -6.0872373e-05)
(-0.00061202856 -0.00056706952 0.00044720216)
(-0.00063503551 -0.00049888639 0.00043260049)
(-0.00066813586 -0.00044310658 0.00042733517)
(-0.0007115833 -0.00039389336 0.0004287958)
(-0.00075328207 -0.00034284759 0.0004302753)
(-0.0007695874 -0.00028133885 0.00041916218)
(-0.00077162404 -0.00021573812 0.00039952769)
(-0.00078779922 -0.00015345478 0.00038491696)
(-0.00081762861 -9.2465523e-05 0.00037690006)
(-0.0008548724 -3.0016861e-05 0.00037353587)
(-0.00056578645 -0.0005248898 0.00046405131)
(-0.00057264805 -0.00045080824 0.00043832105)
(-0.00059948506 -0.00039748699 0.00042949926)
(-0.00063943643 -0.0003535962 0.00043123555)
(-0.0006770999 -0.00030787448 0.00043292161)
(-0.00069143103 -0.00025269438 0.0004218579)
(-0.00069309728 -0.00019359899 0.00040182617)
(-0.00070873051 -0.00013776705 0.00038756407)
(-0.00073607212 -8.306602e-05 0.00037991085)
(-0.00076856097 -2.6974592e-05 0.00037626443)
(-0.00052281764 -0.00048492471 0.00048740502)
(-0.00051820534 -0.00040945024 0.00045321515)
(-0.00053130908 -0.00035274542 0.00043351547)
(-0.00056563244 -0.0003123442 0.00043301131)
(-0.00059945016 -0.00027213124 0.00043505599)
(-0.00061115211 -0.00022306239 0.00042346073)
(-0.00061434782 -0.00017120969 0.00040428271)
(-0.00062922622 -0.00012195076 0.00039058864)
(-0.00065341393 -7.3557794e-05 0.00038312761)
(-0.00068168942 -2.3876053e-05 0.00037936366)
(-0.00044934064 -0.00041593698 0.00048402563)
(-0.00046523049 -0.00036795522 0.00047209226)
(-0.00046917025 -0.00031204627 0.00044457599)
(-0.00049610517 -0.00027365713 0.00043952261)
(-0.00052400321 -0.00023772388 0.00044036415)
(-0.00053293737 -0.00019434387 0.00042754409)
(-0.00053619955 -0.00014913321 0.00040826845)
(-0.00055012194 -0.00010629783 0.00039503551)
(-0.00057123662 -6.4165317e-05 0.00038781868)
(-0.00059554132 -2.0860872e-05 0.00038403284)
(-0.00035999351 -0.00033329899 0.00046107904)
(-0.00038981769 -0.00030783567 0.00046923065)
(-0.00039959386 -0.00026591268 0.00045039228)
(-0.00042264275 -0.00023323274 0.00044530501)
(-0.0004441807 -0.00020162536 0.00044397397)
(-0.00045114119 -0.00016439592 0.00042993188)
(-0.00045513917 -0.00012630567 0.00041126277)
(-0.00046850498 -9.0216304e-05 0.00039915315)
(-0.00048651299 -5.4514615e-05 0.00039229284)
(-0.00050703142 -1.7751986e-05 0.00038862675)
(-0.00028532244 -0.00026329772 0.00044834163)
(-0.00031110297 -0.00024515771 0.00046026302)
(-0.0003250277 -0.00021626645 0.00045147642)
(-0.00034440137 -0.00019017427 0.00044757933)
(-0.00036091834 -0.00016375368 0.00044443044)
(-0.00036685573 -0.00013337065 0.00043001644)
(-0.00037193728 -0.00010276848 0.00041292622)
(-0.00038434835 -7.3614826e-05 0.00040242704)
(-0.00039915237 -4.4525487e-05 0.00039609814)
(-0.00041632555 -1.4503198e-05 0.00039309247)
(-0.00021963781 -0.00020191711 0.00044731169)
(-0.00023571997 -0.00018535225 0.00045309517)
(-0.00024806378 -0.00016475575 0.00044795583)
(-0.00026369271 -0.0001454017 0.00044580504)
(-0.00027640465 -0.00012504909 0.00044218554)
(-0.00028178437 -0.00010194728 0.0004285305)
(-0.00028744386 -7.8846385e-05 0.00041362222)
(-0.0002980652 -5.6595484e-05 0.00040474286)
(-0.00030952756 -3.4244289e-05 0.00039912728)
(-0.00032336719 -1.1120769e-05 0.00039727632)
(-0.00015491298 -0.00014176062 0.00044972677)
(-0.00016534745 -0.00012923448 0.00045232355)
(-0.00017304049 -0.00011417103 0.00044461751)
(-0.00018315978 -0.00010037887 0.00044114545)
(-0.00019274291 -8.6497539e-05 0.00043872405)
(-0.00019748367 -7.0709751e-05 0.00042693372)
(-0.00020258135 -5.4803244e-05 0.00041405278)
(-0.00021049229 -3.9330087e-05 0.00040655315)
(-0.0002184002 -2.3769033e-05 0.00040185422)
(-0.00022855852 -7.626208e-06 0.00040156294)
(-8.8580883e-05 -8.0326497e-05 0.00044913822)
(-9.566165e-05 -7.3800863e-05 0.00045491857)
(-0.00010090553 -6.5242334e-05 0.00044710169)
(-0.00010583516 -5.6778824e-05 0.00043996444)
(-0.00011134056 -4.8773492e-05 0.00043730434)
(-0.00011444765 -3.9855239e-05 0.00042705308)
(-0.00011787716 -3.078819e-05 0.00041557514)
(-0.00012216181 -2.1931157e-05 0.00040863869)
(-0.00012608502 -1.3160902e-05 0.00040487385)
(-0.00013196085 -4.0273324e-06 0.00040643769)
(-2.1905013e-05 -1.8904074e-05 0.00044821789)
(-2.4359001e-05 -1.7488589e-05 0.00045482634)
(-2.7639106e-05 -1.5749264e-05 0.00045072446)
(-2.9535013e-05 -1.3577569e-05 0.00044347361)
(-3.0683292e-05 -1.1405109e-05 0.00044027937)
(-3.1489209e-05 -9.0558133e-06 0.00043038044)
(-3.256724e-05 -6.6443577e-06 0.00041923063)
(-3.2832825e-05 -4.3880287e-06 0.00041165021)
(-3.2271947e-05 -2.441554e-06 0.00040912565)
(-3.3194693e-05 -3.0586942e-07 0.00041242744)
(4.5032011e-05 4.2219317e-05 0.0004444728)
(4.6675369e-05 3.8521287e-05 0.00045114957)
(4.7592655e-05 3.4479001e-05 0.00045151749)
(4.9302472e-05 3.047333e-05 0.00044798122)
(5.1879993e-05 2.6563104e-05 0.00044460162)
(5.3268702e-05 2.2300059e-05 0.00043542999)
(5.4639617e-05 1.7918356e-05 0.0004234815)
(5.8549911e-05 1.3382083e-05 0.00041622436)
(6.3903214e-05 8.4791634e-06 0.00041448151)
(6.8592829e-05 3.5559351e-06 0.00041947858)
(0.00011029697 0.00010133844 0.00043568296)
(0.00011817312 9.4104259e-05 0.00044847858)
(0.00012436443 8.5038339e-05 0.0004521744)
(0.00013022137 7.5244825e-05 0.00045107246)
(0.00013631434 6.5192425e-05 0.00044833263)
(0.00014009588 5.4223172e-05 0.00043932708)
(0.00014438741 4.2907941e-05 0.00042782419)
(0.00015300681 3.1477075e-05 0.00042157155)
(0.0001626746 1.9687251e-05 0.00042003601)
(0.0001740354 7.5289803e-06 0.00042684058)
(0.00017216808 0.00015884239 0.00043071794)
(0.00018853903 0.00014856004 0.00044417412)
(0.00020079827 0.00013500809 0.00045006954)
(0.00021145978 0.00011986653 0.00045111938)
(0.00022078343 0.00010365283 0.00044854219)
(0.00022836079 8.6387294e-05 0.00044173038)
(0.00023662371 6.8164851e-05 0.00043138611)
(0.00025026855 4.9846651e-05 0.00042638984)
(0.00026398999 3.1147551e-05 0.00042534552)
(0.00028238548 1.1585805e-05 0.00043303714)
(0.00023802644 0.00022070455 0.00043761448)
(0.00025796821 0.00020356724 0.00044436641)
(0.00027559854 0.00018462112 0.00044869719)
(0.00029100551 0.00016378572 0.00044931968)
(0.00030480476 0.0001417857 0.00044759178)
(0.00031752023 0.00011847095 0.0004426964)
(0.00033004458 9.3323629e-05 0.00043310029)
(0.00034748967 6.8245951e-05 0.00042868396)
(0.00036634673 4.2611246e-05 0.00042859211)
(0.00039177532 1.565993e-05 0.00043695873)
(0.00030676445 0.00028389283 0.00044278809)
(0.00032927411 0.00025967419 0.00044614207)
(0.00035099405 0.00023462728 0.00044865819)
(0.00037072898 0.00020784509 0.00044860197)
(0.00038917577 0.00017996624 0.00044715465)
(0.00040561853 0.00014979664 0.00044113342)
(0.00042465541 0.00011865643 0.00043487821)
(0.00044350826 8.6565665e-05 0.00042926046)
(0.00046734213 5.3911206e-05 0.00042918857)
(0.0005006993 1.9647533e-05 0.00043861494)
(0.00037171581 0.00034275908 0.00044015662)
(0.00039915036 0.00031391306 0.00044428805)
(0.00042541247 0.0002835133 0.00044667657)
(0.00044921955 0.00025095699 0.00044637911)
(0.0004726043 0.00021729247 0.0004450915)
(0.00049304288 0.00018076186 0.00043927225)
(0.00051584442 0.00014333032 0.00043380078)
(0.00053786896 0.00010448697 0.00042814355)
(0.00056603036 6.4948618e-05 0.00042783681)
(0.00060694083 2.3488802e-05 0.00043765887)
(0.00043346069 0.00039884577 0.00043535378)
(0.00046594114 0.00036544381 0.00043960985)
(0.00049642202 0.0003298021 0.00044169221)
(0.00052591712 0.00029277949 0.00044280079)
(0.00055285729 0.00025303329 0.00044087397)
(0.00057930849 0.00021139016 0.00043725074)
(0.00060397889 0.00016742314 0.00043136364)
(0.00062890941 0.00012183032 0.00042523967)
(0.00066245337 7.5678977e-05 0.00042534103)
(0.0007104919 2.7226829e-05 0.0004353394)
(0.00049738203 0.00045667318 0.00043334887)
(0.00053499038 0.00041863433 0.00043784372)
(0.00056997664 0.00037790428 0.00044015285)
(0.00060288545 0.00033500301 0.00044073118)
(0.00063244968 0.0002889806 0.00043809143)
(0.00066238885 0.00024135816 0.00043446911)
(0.00068958411 0.00019095992 0.00042822543)
(0.00071752817 0.0001388334 0.00042187945)
(0.0007558981 8.6113037e-05 0.00042190333)
(0.00081139263 3.084044e-05 0.00043217081)
(0.00055749433 0.00051061688 0.00042840848)
(0.00060095492 0.00046902825 0.00043377192)
(0.00064294693 0.00042495879 0.00043770981)
(0.00068117602 0.00037722176 0.00043899679)
(0.00071585022 0.00032643359 0.00043795798)
(0.00074670645 0.00027201526 0.00043338412)
(0.00077510927 0.00021455307 0.00042587857)
(0.00080648329 0.00015591601 0.00041948801)
(0.00084917612 9.6616135e-05 0.00041930431)
(0.00091204027 3.450663e-05 0.00042970415)
(0.00060627775 0.00055673017 0.00041939171)
(0.00065176799 0.00050911498 0.00042242839)
(0.0006988089 0.0004611972 0.00042589735)
(0.00074658067 0.00041207296 0.00042989181)
(0.00079117486 0.00035961847 0.00043269182)
(0.00082732851 0.00030094617 0.00043011436)
(0.00085760981 0.00023731019 0.0004225266)
(0.00089224443 0.00017239208 0.00041611402)
(0.00094086984 0.00010690815 0.00041649845)
(0.00101144 3.8140114e-05 0.00042723818)
(-6.0108398e-05 -0.00099693319 0.0003249643)
(-0.00014318408 -0.0010461058 0.00037837114)
(-0.0002274548 -0.0010582324 0.00042132371)
(-0.00030616477 -0.0010374989 0.00045233861)
(-0.00037140564 -0.00098530327 0.00046961255)
(-0.00042325213 -0.00091504566 0.00047584385)
(-0.00047377021 -0.00085009557 0.00048015843)
(-0.00052841736 -0.00079576325 0.00048691742)
(-0.00057729395 -0.00073822459 0.00049038042)
(-0.00060286062 -0.00065680689 0.00047454922)
(-5.2863481e-05 -0.00094985066 0.00035009735)
(-0.00012919148 -0.00097662418 0.00039899776)
(-0.0002035611 -0.00096978553 0.0004360412)
(-0.00027007917 -0.0009337138 0.0004598306)
(-0.00032509017 -0.0008754622 0.00047071311)
(-0.0003748302 -0.00081563873 0.00047674515)
(-0.00042475089 -0.00076435719 0.00048444938)
(-0.00046891818 -0.00070775903 0.00048579645)
(-0.00051325999 -0.00065469377 0.00048669348)
(-0.00055711002 -0.00060591944 0.00049014251)
(-4.3184342e-05 -0.00083198036 0.00035121682)
(-0.000108438 -0.00084604271 0.00039582146)
(-0.00017138411 -0.00083320856 0.00042874027)
(-0.00022913226 -0.00080227625 0.00045147752)
(-0.00028094385 -0.00075944212 0.00046505139)
(-0.00032950273 -0.00071703678 0.00047653447)
(-0.00037043045 -0.00066681769 0.00048059954)
(-0.00040295998 -0.00060963131 0.00047632139)
(-0.00043488734 -0.00055453163 0.00046862443)
(-0.00048439991 -0.00052482694 0.00048185587)
(-3.740116e-05 -0.00070585357 0.00034454498)
(-9.3004655e-05 -0.00072060909 0.00039004607)
(-0.00014734106 -0.00071269445 0.0004242521)
(-0.00019715478 -0.00068729459 0.00044739627)
(-0.00024166549 -0.00065148709 0.0004617073)
(-0.00028149655 -0.00061198917 0.00047106505)
(-0.00031556393 -0.00056681873 0.00047285927)
(-0.0003435584 -0.00051740121 0.00046735981)
(-0.00037258313 -0.00047574854 0.0004661802)
(-0.00039898469 -0.00043223157 0.00045980746)
(-3.2952476e-05 -0.00060166539 0.00034789054)
(-7.9766365e-05 -0.00061143768 0.00039244688)
(-0.00012510775 -0.0006025619 0.00042578452)
(-0.0001659674 -0.00057813318 0.00044721059)
(-0.00020223003 -0.00054542748 0.00045957034)
(-0.00023459266 -0.00050968108 0.00046618934)
(-0.00026147586 -0.00046844314 0.00046391949)
(-0.00028540112 -0.00042850296 0.0004593809)
(-0.00030877342 -0.00039427896 0.00045925008)
(-0.00032864777 -0.00035649157 0.0004510554)
(-2.6781743e-05 -0.00049146555 0.00035044621)
(-6.4714078e-05 -0.00049578253 0.00039216858)
(-0.00010090488 -0.00048603525 0.00042332669)
(-0.00013335704 -0.00046454303 0.00044291407)
(-0.00016220807 -0.00043729049 0.00045405234)
(-0.0001888049 -0.00040938126 0.00046108364)
(-0.00021153926 -0.00037816218 0.0004611049)
(-0.00022972274 -0.00034376791 0.00045348656)
(-0.0002483927 -0.00031609425 0.00045304632)
(-0.00026450949 -0.00028689487 0.00044739778)
(-2.0558933e-05 -0.00038496618 0.00035844918)
(-5.0035191e-05 -0.0003855943 0.00039796701)
(-7.7693068e-05 -0.0003750262 0.00042591271)
(-0.00010225463 -0.00035630677 0.00044271442)
(-0.0001238015 -0.00033380244 0.00045165765)
(-0.00014401453 -0.00031261686 0.00045904569)
(-0.00016232393 -0.00029040479 0.00046158111)
(-0.00017676861 -0.00026466978 0.00045507045)
(-0.00018989871 -0.00024179565 0.00045170088)
(-0.00020313298 -0.00022018083 0.00044727576)
(-1.4310402e-05 -0.00026986359 0.00036078922)
(-3.4681764e-05 -0.00026887278 0.00039868682)
(-5.3707147e-05 -0.00026044822 0.0004250196)
(-7.0391391e-05 -0.00024636583 0.00043996553)
(-8.4902614e-05 -0.00023005769 0.0004476103)
(-9.7885784e-05 -0.00021401352 0.00045244505)
(-0.00011050377 -0.00019925677 0.00045619478)
(-0.00012062138 -0.00018207355 0.0004510069)
(-0.00013085055 -0.00016730525 0.00044934643)
(-0.00014169537 -0.00015332488 0.00044653277)
(-8.9647371e-06 -0.00015636171 0.00036674989)
(-2.0400955e-05 -0.00015387028 0.000401147)
(-3.0807802e-05 -0.00014772884 0.00042498057)
(-3.9876793e-05 -0.00013898845 0.00043842471)
(-4.7558047e-05 -0.00012914675 0.00044498869)
(-5.4163992e-05 -0.0001194273 0.00044849157)
(-6.0505273e-05 -0.00011065739 0.00045136369)
(-6.6265358e-05 -0.00010143445 0.00044762953)
(-7.2457456e-05 -9.3604574e-05 0.00044701158)
(-8.019172e-05 -8.6507415e-05 0.00044510579)
(-3.4545318e-06 -3.9163725e-05 0.00037393661)
(-6.3844189e-06 -3.8266716e-05 0.00040642694)
(-8.594525e-06 -3.5886512e-05 0.00042588641)
(-1.0209396e-05 -3.296111e-05 0.00043645536)
(-1.1406337e-05 -3.0032871e-05 0.00044220649)
(-1.1979078e-05 -2.7027068e-05 0.00044452807)
(-1.2328813e-05 -2.4300063e-05 0.00044457902)
(-1.3288547e-05 -2.2204217e-05 0.00044208902)
(-1.4516642e-05 -2.0477905e-05 0.00044088751)
(-1.8210614e-05 -1.9789356e-05 0.00044271906)
(3.2481233e-06 8.1561382e-05 0.00036748805)
(9.3452496e-06 8.1185572e-05 0.00040507768)
(1.5156457e-05 7.8182499e-05 0.00042720646)
(2.0490879e-05 7.3804365e-05 0.00043784795)
(2.5172933e-05 6.8897488e-05 0.00044239729)
(2.9327142e-05 6.3901708e-05 0.00044315864)
(3.3417619e-05 5.9228876e-05 0.00044170893)
(3.7381092e-05 5.4724367e-05 0.00043846082)
(4.1059205e-05 5.037294e-05 0.00043539248)
(4.3903673e-05 4.6203163e-05 0.00043637686)
(8.9610033e-06 0.00019015956 0.00034791148)
(2.3360483e-05 0.00018806169 0.00038040746)
(3.7019295e-05 0.00018250716 0.00040504593)
(4.9434785e-05 0.00017428694 0.00042229389)
(6.0648239e-05 0.00016510479 0.00043550866)
(7.0757791e-05 0.00015541027 0.00044547878)
(8.0550974e-05 0.00014538913 0.00045056679)
(8.8974954e-05 0.00013327498 0.00044491805)
(9.5634422e-05 0.00012077787 0.00043621709)
(0.000101828 0.00010904162 0.00042757185)
(1.4017031e-05 0.0003026167 0.00034914042)
(3.596514e-05 0.00029556314 0.00037807269)
(5.6846547e-05 0.00028412302 0.00039870803)
(7.6735897e-05 0.00027209949 0.00041603017)
(9.5824724e-05 0.00026071113 0.00043288004)
(0.00011500832 0.00025129469 0.00045242256)
(0.00013286561 0.00023917654 0.00046607594)
(0.00014337445 0.0002154324 0.00045353877)
(0.0001512239 0.0001919084 0.00043745437)
(0.00015929718 0.00017262103 0.00042853633)
(2.0145414e-05 0.00041449603 0.00034744082)
(5.0004374e-05 0.00040664393 0.00037874181)
(7.858291e-05 0.0003923907 0.00040170119)
(0.00010634666 0.00037664488 0.00042004046)
(0.00013372147 0.00036278584 0.00043901162)
(0.00016087734 0.0003505972 0.00046002931)
(0.00018370216 0.000330348 0.00046951362)
(0.00019680828 0.00029571465 0.00045429016)
(0.00020719291 0.0002628726 0.0004372153)
(0.00022092427 0.0002399154 0.00043505116)
(2.5754594e-05 0.00052632758 0.00034709108)
(6.4426229e-05 0.00051942948 0.00038015814)
(0.0001013452 0.00050263326 0.00040423425)
(0.00013564641 0.00047873409 0.00041973077)
(0.00016883562 0.00045624943 0.00043388307)
(0.00020297561 0.00044177814 0.00045605746)
(0.000232188 0.00041914836 0.00046987167)
(0.00024752329 0.00037314059 0.00045201713)
(0.00026212878 0.00033205441 0.00043443991)
(0.00028425673 0.00030728506 0.00043773945)
(3.2215774e-05 0.00063958385 0.00034681742)
(8.0107791e-05 0.00063434462 0.00038132815)
(0.00012429476 0.00061118801 0.00040422238)
(0.00016395032 0.00057860674 0.00041828974)
(0.0002015036 0.00054489167 0.00042739765)
(0.00024326664 0.00052830203 0.00044921915)
(0.00028390861 0.00051292726 0.00047431123)
(0.00030329432 0.00045943465 0.00046002449)
(0.00031726634 0.00040270961 0.00043487676)
(0.00034398245 0.0003707749 0.00043493751)
(3.8573159e-05 0.00075627496 0.00034845727)
(9.5653331e-05 0.00075076343 0.00038320603)
(0.0001481739 0.00072450361 0.00040692624)
(0.00019498699 0.00068663395 0.00042194023)
(0.00023723306 0.00064225862 0.00042880252)
(0.00028254958 0.00061262859 0.00044282977)
(0.00033613258 0.00060596842 0.00047620314)
(0.00036204393 0.0005494619 0.00046849108)
(0.00037276058 0.00047417628 0.00043609098)
(0.0004019122 0.00043290005 0.000431874)
(4.4147671e-05 0.00088344916 0.00035489805)
(0.00011059225 0.00087236744 0.00038787386)
(0.0001720088 0.0008413856 0.00041125351)
(0.00022665232 0.00079639882 0.00042547303)
(0.00027466383 0.00074261672 0.00043116382)
(0.0003244113 0.00070297046 0.00044201223)
(0.00038982497 0.00070213752 0.00047990589)
(0.00041966747 0.00063773309 0.00047343839)
(0.00042614802 0.00054282738 0.00043468342)
(0.00045810623 0.00049255607 0.00042722156)
(4.9294491e-05 0.0010015034 0.00035659637)
(0.00012445582 0.00098726113 0.00038898097)
(0.00019443157 0.00095326144 0.00041267949)
(0.00025755061 0.00090501775 0.00042793652)
(0.00031211219 0.00084267022 0.00043274531)
(0.00036812405 0.00079725921 0.00044356181)
(0.00044213081 0.00079682301 0.00048216522)
(0.00047195219 0.00071855275 0.00047256791)
(0.00047595473 0.00060778073 0.00043127845)
(0.00051030739 0.00054835661 0.00042083511)
(5.4520991e-05 0.0011152984 0.00035640579)
(0.00013784759 0.0010978366 0.00038828951)
(0.00021580022 0.0010603649 0.00041200672)
(0.00028625612 0.0010068575 0.00042716963)
(0.00034669489 0.00093610443 0.00043118126)
(0.0004091618 0.00088689478 0.00044274536)
(0.00048898945 0.00088307681 0.00047975653)
(0.00051815692 0.00079098267 0.00046718105)
(0.00052413301 0.0006719452 0.00042847429)
(0.00055747899 0.00060179427 0.00041511296)
(-0.00045165074 0.00037536921 0.00010641342)
(-0.00059131009 0.00042699569 0.00014962492)
(-0.00072521528 0.00044864288 0.00019929603)
(-0.00084608112 0.00044132288 0.00025201556)
(-0.000946093 0.00040755438 0.00030335933)
(-0.0010154998 0.00035065915 0.00034782929)
(-0.0010453148 0.00027641605 0.00037945169)
(-0.0010306102 0.00019323698 0.00039333568)
(-0.00097572645 0.00011065049 0.0003891318)
(-0.00090797883 3.6266823e-05 0.00037819372)
(-0.00040336653 0.0003352586 0.00010646422)
(-0.00052806933 0.00038133734 0.00014970991)
(-0.00064789392 0.00040082788 0.00019947351)
(-0.0007558884 0.00039429893 0.00025224706)
(-0.0008456165 0.0003642852 0.0003037899)
(-0.00090808373 0.00031358646 0.00034848341)
(-0.00093547755 0.00024737566 0.00038048742)
(-0.00092342164 0.00017312664 0.00039490753)
(-0.00087561744 9.9265737e-05 0.00039133016)
(-0.00081577671 3.2577609e-05 0.00038073802)
(-0.00035518867 0.00029522806 0.00010657265)
(-0.00046505975 0.00033584583 0.00014989285)
(-0.00057081955 0.00035315854 0.00019979713)
(-0.00066614592 0.00034750118 0.00025272668)
(-0.00074568156 0.0003212406 0.00030457406)
(-0.00080140525 0.00027675077 0.00034966856)
(-0.0008265033 0.0002185429 0.00038224153)
(-0.00081713731 0.00015316206 0.00039739138)
(-0.00077609614 8.7940283e-05 0.00039444242)
(-0.00072364523 2.8897871e-05 0.00038400504)
(-0.00030704961 0.00025523075 0.00010672737)
(-0.00040212083 0.00029040751 0.00015015652)
(-0.00049380072 0.0003055222 0.00020024845)
(-0.00057653452 0.00030076706 0.00025342504)
(-0.00064587379 0.00027824579 0.00030567693)
(-0.00069491932 0.00023996902 0.00035135195)
(-0.00071777769 0.00018975592 0.00038472574)
(-0.00071118487 0.00013322124 0.00040092889)
(-0.00067712391 7.6629342e-05 0.00039896392)
(-0.00063210624 2.5168134e-05 0.00038882532)
(-0.00025885136 0.00021518327 0.00010691792)
(-0.00033910463 0.00024491286 0.00015048649)
(-0.00041664974 0.0002578038 0.00020080703)
(-0.00048674495 0.00025393949 0.00025429494)
(-0.00054576871 0.00023512572 0.00030702226)
(-0.00058794908 0.00020302399 0.00035337029)
(-0.00060830472 0.00016078523 0.0003876382)
(-0.0006040669 0.00011308585 0.00040496288)
(-0.00057651052 6.5167865e-05 0.00040395641)
(-0.00053846604 2.1387923e-05 0.00039384691)
(-0.00021052192 0.00017502463 0.00010713537)
(-0.0002758934 0.00019927499 0.00015086918)
(-0.00033920527 0.00020990343 0.00020145202)
(-0.00039653302 0.00020689412 0.00025529052)
(-0.00044505539 0.00019175029 0.00030855284)
(-0.00048010677 0.0001657908 0.00035564401)
(-0.00049762936 0.00013152092 0.00039088991)
(-0.00049531581 9.2685662e-05 0.00040940186)
(-0.00047387689 5.3528998e-05 0.00040937301)
(-0.0004427126 1.7585136e-05 0.00039911368)
(-0.00016189549 0.00013460283 0.00010733854)
(-0.00021233243 0.00015335943 0.000151317)
(-0.00026130999 0.00016170654 0.00020219923)
(-0.00030572799 0.00015953241 0.00025641641)
(-0.00034350363 0.00014801728 0.00031024026)
(-0.0003710836 0.00012816177 0.00035811121)
(-0.00038539359 0.00010187254 0.00039440688)
(-0.00038451111 7.1951278e-05 0.00041412507)
(-0.00036879962 4.1678e-05 0.00041507146)
(-0.00034458496 1.3755935e-05 0.00040451631)
(-0.00011318235 9.4117422e-05 0.00010759775)
(-0.0001485515 0.0001073159 0.00015178367)
(-0.00018290151 0.00011320948 0.00020294079)
(-0.00021420729 0.00011180635 0.00025761375)
(-0.00024092788 0.00010385459 0.00031200732)
(-0.00026068244 9.0073271e-05 0.00036072721)
(-0.00027135235 7.1781185e-05 0.00039814299)
(-0.00027144268 5.0848525e-05 0.00041914996)
(-0.00026116005 2.9607647e-05 0.00042119296)
(-0.00024413875 9.9079309e-06 0.00041029528)
(-6.4223936e-05 5.3424465e-05 0.00010787183)
(-8.43539e-05 6.0965124e-05 0.00015226706)
(-0.00010391181 6.4349294e-05 0.00020371154)
(-0.00012185187 6.3648322e-05 0.00025884363)
(-0.00013721998 5.9210896e-05 0.00031383383)
(-0.00014876697 5.1484838e-05 0.00036343874)
(-0.00015529529 4.1190907e-05 0.00040206098)
(-0.00015588617 2.9347939e-05 0.00042443606)
(-0.00015065 1.7283711e-05 0.00042782746)
(-0.00014120032 6.0352347e-06 0.00041679114)
(-1.5005118e-05 1.2512916e-05 0.00010814577)
(-1.9725913e-05 1.4299583e-05 0.00015274073)
(-2.4318962e-05 1.5115751e-05 0.00020449121)
(-2.8617513e-05 1.5034525e-05 0.00026005141)
(-3.2320071e-05 1.4061781e-05 0.00031566363)
(-3.5241846e-05 1.2363976e-05 0.00036617042)
(-3.7055907e-05 1.0059349e-05 0.00040603556)
(-3.7625191e-05 7.4113903e-06 0.00042993107)
(-3.6892107e-05 4.6752819e-06 0.00043492739)
(-3.5202699e-05 2.1065559e-06 0.00042422633)
(3.4476513e-05 -2.8620559e-05 0.000108408)
(4.5326034e-05 -3.26779e-05 0.00015319656)
(5.5862242e-05 -3.4479796e-05 0.00020522329)
(6.5493013e-05 -3.4039381e-05 0.00026122386)
(7.3740064e-05 -3.1576375e-05 0.00031739353)
(7.9915611e-05 -2.7304993e-05 0.00036880029)
(8.3361405e-05 -2.1607966e-05 0.00040988169)
(8.3514448e-05 -1.5005551e-05 0.00043540766)
(8.0372167e-05 -8.2362101e-06 0.00044206631)
(7.455501e-05 -1.9106831e-06 0.00043236886)
(8.4209017e-05 -6.9967584e-05 0.00010865439)
(0.00011076752 -7.9943467e-05 0.000153612)
(0.00013657059 -8.440304e-05 0.00020587604)
(0.00016039526 -8.3525833e-05 0.00026230994)
(0.00018084362 -7.7657112e-05 0.00031896753)
(0.00019654818 -6.7469895e-05 0.00037119803)
(0.00020575698 -5.376322e-05 0.00041339257)
(0.00020735123 -3.7882799e-05 0.00044041433)
(0.00020094369 -2.1435566e-05 0.00044868485)
(0.00018817199 -6.0170211e-06 0.00044022263)
(0.00013417373 -0.00011151564 0.00010887593)
(0.00017652172 -0.00012743912 0.00015397516)
(0.00021774211 -0.0001346196 0.00020645527)
(0.00025591556 -0.00013332776 0.00026325563)
(0.00028884042 -0.00012412565 0.00032034868)
(0.00031430612 -0.00010800849 0.00037321567)
(0.00032973608 -8.6320531e-05 0.00041636067)
(0.00033319508 -6.1100508e-05 0.00044452082)
(0.00032409054 -3.4873248e-05 0.00045419559)
(0.00030479804 -1.0207918e-05 0.00044674721)
(0.00018429039 -0.00015319291 0.00010905951)
(0.00024252087 -0.00017511386 0.00015429132)
(0.00029924604 -0.00018503999 0.00020695655)
(0.00035189308 -0.00018337259 0.00026401844)
(0.00039740462 -0.0001708364 0.00032144776)
(0.00043278402 -0.00014878715 0.0003747911)
(0.00045461948 -0.00011911299 0.00041856305)
(0.00046004357 -8.4484586e-05 0.00044744743)
(0.00044846634 -4.844913e-05 0.00045796356)
(0.00042247869 -1.4430283e-05 0.00045088649)
(0.00023453454 -0.00019497987 0.00010921619)
(0.00030867426 -0.00022290284 0.00015454355)
(0.00038096158 -0.00023559186 0.00020735822)
(0.00044812215 -0.00023355667 0.00026458489)
(0.00050621545 -0.00021764818 0.00032224901)
(0.00055157861 -0.00018968483 0.00037588534)
(0.00057968134 -0.00015195019 0.00041996303)
(0.00058707372 -0.00010791672 0.00044922775)
(0.00057264776 -6.2019438e-05 0.00045992946)
(0.00053975592 -1.865068e-05 0.00045289279)
(0.00028486538 -0.00023684238 0.00010934487)
(0.0003749006 -0.00027074546 0.00015473558)
(0.00046277844 -0.0002862124 0.00020765248)
(0.00054439335 -0.0002837603 0.00026497803)
(0.00061506648 -0.00026448441 0.00032277506)
(0.00067024869 -0.00023054886 0.00037650577)
(0.00070439138 -0.00018470718 0.00042063503)
(0.00071335949 -0.00013124253 0.00044984523)
(0.00069547865 -7.547633e-05 0.00046023669)
(0.00065514094 -2.2885631e-05 0.00045270388)
(0.00033521226 -0.00027871698 0.00010944232)
(0.00044114935 -0.00031860407 0.00015487847)
(0.00054457617 -0.00033682096 0.00020785186)
(0.00064061772 -0.00033393712 0.00026523862)
(0.00072376901 -0.0003112629 0.00032306674)
(0.0007885788 -0.00027129568 0.00037677901)
(0.00082853231 -0.00021733011 0.00042078872)
(0.00083856836 -0.00015438372 0.00044967482)
(0.00081675881 -8.8799278e-05 0.00045951293)
(0.00076825516 -2.7083495e-05 0.00045115458)
(0.00038552874 -0.0003205695 0.00010950152)
(0.00050736509 -0.00036644272 0.00015496871)
(0.00062629138 -0.00038737931 0.00020797084)
(0.00073672321 -0.00038405729 0.00026538061)
(0.00083222244 -0.00035793439 0.00032318571)
(0.00090651999 -0.00031191252 0.00037681345)
(0.00095198212 -0.00024977903 0.00042058517)
(0.0009626576 -0.00017733265 0.0004490032)
(0.00093628328 -0.00010196584 0.00045805977)
(0.00087886032 -3.1213618e-05 0.00044869069)
(0.00043580648 -0.00036239014 0.00010953697)
(0.00057352656 -0.00041424215 0.00015502355)
(0.00070792979 -0.00043789014 0.00020803991)
(0.00083269647 -0.00043410898 0.00026544718)
(0.00094050182 -0.00040452683 0.00032322334)
(0.0010242134 -0.00035244219 0.00037675153)
(0.0010750868 -0.000282127 0.00042030853)
(0.0010863402 -0.00020019172 0.00044834016)
(0.0010553511 -0.00011505258 0.00045678765)
(0.00098905826 -3.5277224e-05 0.00044668689)
(0.00048600982 -0.00040413336 0.00010956492)
(0.00063958873 -0.00046195514 0.00015505947)
(0.000789468 -0.00048832785 0.00020808132)
(0.00092853931 -0.00048407934 0.00026547886)
(0.0010486675 -0.00045106027 0.00032323068)
(0.001141783 -0.00039291781 0.00037667616)
(0.0011980793 -0.00031443443 0.00042006402)
(0.0012098484 -0.0002230051 0.00044776707)
(0.0011741217 -0.00012809461 0.00045567883)
(0.0010986233 -3.9312011e-05 0.00044484824)
(1.6212255e-05 -0.00055122127 0.00017668642)
(5.0685473e-05 -0.00050617533 0.00015132444)
(7.4128492e-05 -0.00043785159 0.00012302231)
(8.1801812e-05 -0.00034927046 9.4756525e-05)
(6.9759259e-05 -0.00024529297 7.0023376e-05)
(3.5647914e-05 -0.00013034988 5.0567225e-05)
(-2.1764041e-05 -1.2025534e-05 3.9955997e-05)
(-0.00010180746 0.00010355583 3.9518924e-05)
(-0.00020312092 0.00021115301 5.0183883e-05)
(-0.00032080013 0.00030264999 7.2724244e-05)
(1.4467645e-05 -0.00049195391 0.00017669024)
(4.522974e-05 -0.00045172045 0.00015132018)
(6.6158576e-05 -0.00039080535 0.00012304145)
(7.2987912e-05 -0.00031167611 9.4759649e-05)
(6.2243872e-05 -0.00021889228 7.002703e-05)
(3.1773443e-05 -0.00011625437 5.0563668e-05)
(-1.9479116e-05 -1.0637796e-05 3.9950818e-05)
(-9.0945992e-05 9.2543029e-05 3.9519884e-05)
(-0.00018141325 0.00018861478 5.0189969e-05)
(-0.00028647627 0.00027028427 7.2748553e-05)
(1.2713593e-05 -0.00043261011 0.00017667767)
(3.9784071e-05 -0.00039732804 0.00015133128)
(5.8178361e-05 -0.00034369238 0.00012304006)
(6.4183725e-05 -0.00027409214 9.4753629e-05)
(5.4732215e-05 -0.00019249354 7.0026588e-05)
(2.7915143e-05 -0.00010219576 5.0566483e-05)
(-1.7196105e-05 -9.2579032e-06 3.9956027e-05)
(-8.0094806e-05 8.1533436e-05 3.9534682e-05)
(-0.000159738 0.0001660999 5.0220966e-05)
(-0.00025224072 0.00023799937 7.2808378e-05)
(1.0978629e-05 -0.00037339459 0.00017668781)
(3.4336067e-05 -0.00034295379 0.0001513631)
(5.019895e-05 -0.00029658907 0.00012304406)
(5.5378058e-05 -0.00023651194 9.4752323e-05)
(4.7211775e-05 -0.0001660772 7.0026593e-05)
(2.4043779e-05 -8.8112779e-05 5.0569516e-05)
(-1.4934204e-05 -7.8411616e-06 3.9959399e-05)
(-6.9265237e-05 7.0556621e-05 3.955192e-05)
(-0.00013809259 0.00014362229 5.0263559e-05)
(-0.0002180463 0.00020575961 7.2891116e-05)
(9.2329789e-06 -0.00031418991 0.00017673691)
(2.8873551e-05 -0.00028849111 0.00015137539)
(4.2227589e-05 -0.00024950904 0.00012305034)
(4.6573337e-05 -0.00019892984 9.4746032e-05)
(3.9697997e-05 -0.00013967057 7.0021633e-05)
(2.0179499e-05 -7.4037214e-05 5.056627e-05)
(-1.2655087e-05 -6.4473783e-06 3.9956878e-05)
(-5.8420752e-05 5.956291e-05 3.9568284e-05)
(-0.00011641298 0.00012110675 5.0311529e-05)
(-0.00018383062 0.0001734992 7.2997706e-05)
(7.4797365e-06 -0.00025488027 0.00017675074)
(2.3423301e-05 -0.00023402563 0.00015135097)
(3.426828e-05 -0.00020246358 0.00012306066)
(3.7778212e-05 -0.00016137413 9.47415e-05)
(3.219561e-05 -0.00011329156 7.0020422e-05)
(1.6332935e-05 -5.9997936e-05 5.0568265e-05)
(-1.0344229e-05 -5.1124118e-06 3.9967123e-05)
(-4.7553341e-05 4.8536754e-05 3.9591159e-05)
(-9.4664615e-05 9.8505772e-05 5.0374915e-05)
(-0.00014956261 0.00014119256 7.3121092e-05)
(5.7373919e-06 -0.00019556318 0.00017671911)
(1.7991174e-05 -0.00017965442 0.00015135453)
(2.6301056e-05 -0.0001553909 0.0001230695)
(2.8991337e-05 -0.0001238467 9.4749122e-05)
(2.4694722e-05 -8.6920374e-05 7.0027702e-05)
(1.2495582e-05 -4.5975639e-05 5.0571935e-05)
(-8.0118291e-06 -3.8133268e-06 3.9986259e-05)
(-3.6622513e-05 3.7438224e-05 3.9578914e-05)
(-7.2830869e-05 7.5754689e-05 5.0588026e-05)
(-0.00011535333 0.00010903608 7.3075899e-05)
(4.0068178e-06 -0.00013634067 0.0001767279)
(1.2548319e-05 -0.00012526707 0.00015139685)
(1.8324569e-05 -0.00010829362 0.00012308868)
(2.0203725e-05 -8.6317945e-05 9.4764444e-05)
(1.7193394e-05 -6.0547265e-05 7.0038476e-05)
(8.6715916e-06 -3.1975015e-05 5.0570537e-05)
(-5.646512e-06 -2.5605849e-06 3.9998838e-05)
(-2.5634998e-05 2.6244859e-05 3.9605256e-05)
(-5.0935322e-05 5.3004134e-05 5.0666002e-05)
(-8.0649219e-05 7.6253158e-05 7.3216629e-05)
(2.2650095e-06 -7.7087153e-05 0.00017679014)
(7.0883536e-06 -7.0801683e-05 0.00015143692)
(1.0349314e-05 -6.1187392e-05 0.00012309022)
(1.1419887e-05 -4.8794632e-05 9.4787718e-05)
(9.7003206e-06 -3.4184867e-05 7.0034118e-05)
(4.878557e-06 -1.8031562e-05 5.0571555e-05)
(-3.2398607e-06 -1.3704974e-06 4.0006289e-05)
(-1.4564434e-05 1.4937567e-05 3.9635251e-05)
(-2.8911897e-05 3.0105636e-05 5.0743981e-05)
(-4.5771287e-05 4.329662e-05 7.3364488e-05)
(5.1374241e-07 -1.7754734e-05 0.00017681609)
(1.6271414e-06 -1.631103e-05 0.00015145044)
(2.3861398e-06 -1.4114202e-05 0.00012309132)
(2.63483e-06 -1.1259989e-05 9.4805789e-05)
(2.2286158e-06 -7.8684094e-06 7.0037051e-05)
(1.1057747e-06 -4.1249357e-06 5.0578543e-05)
(-7.8312963e-07 -2.5941287e-07 4.0016111e-05)
(-3.4194437e-06 3.5299714e-06 3.9670753e-05)
(-6.7619525e-06 7.0608422e-06 5.0825184e-05)
(-1.0691326e-05 1.0136347e-05 7.3506631e-05)
(-1.2395119e-06 4.1592737e-05 0.00017680113)
(-3.8265041e-06 3.8157143e-05 0.00015144177)
(-5.5768601e-06 3.2963246e-05 0.00012312281)
(-6.1536615e-06 2.6288175e-05 9.4815756e-05)
(-5.2368706e-06 1.8438005e-05 7.0057753e-05)
(-2.6477313e-06 9.7484468e-06 5.0584456e-05)
(1.7157064e-06 7.872091e-07 4.0036982e-05)
(7.8003859e-06 -7.9771724e-06 3.9704622e-05)
(1.5514987e-05 -1.6130299e-05 5.0903169e-05)
(2.4584312e-05 -2.3221618e-05 7.3649082e-05)
(-2.9865304e-06 0.00010089003 0.00017675495)
(-9.2800606e-06 9.2630271e-05 0.0001514562)
(-1.3555232e-05 8.0098314e-05 0.00012316023)
(-1.4941623e-05 6.3839964e-05 9.4830425e-05)
(-1.2704954e-05 4.4757441e-05 7.0083133e-05)
(-6.3787652e-06 2.3582711e-05 5.0590945e-05)
(4.2461848e-06 1.7876532e-06 4.0055911e-05)
(1.9097911e-05 -1.9588585e-05 3.9736675e-05)
(3.7902668e-05 -3.9449086e-05 5.0971405e-05)
(6.0042529e-05 -5.6763477e-05 7.3783372e-05)
(-4.7315032e-06 0.00016017572 0.00017673899)
(-1.4745978e-05 0.0001471662 0.0001514933)
(-2.1539093e-05 0.00012725609 0.00012318349)
(-2.3733071e-05 0.00010140874 9.4852587e-05)
(-2.0165187e-05 7.1060114e-05 7.0088508e-05)
(-1.0092515e-05 3.7384182e-05 5.0589081e-05)
(6.8173058e-06 2.7221855e-06 4.0059839e-05)
(3.046042e-05 -3.1289356e-05 3.9758207e-05)
(6.0402991e-05 -6.2902319e-05 5.102592e-05)
(9.5651292e-05 -9.0457445e-05 7.3899207e-05)
(-6.4815182e-06 0.00021953696 0.00017678186)
(-2.0210563e-05 0.00020170921 0.00015152334)
(-2.9518045e-05 0.00017440642 0.00012320253)
(-3.2515378e-05 0.00013895908 9.486794e-05)
(-2.760251e-05 9.7309959e-05 7.0081575e-05)
(-1.377639e-05 5.1124805e-05 5.0575656e-05)
(9.4286933e-06 3.5905868e-06 4.0059169e-05)
(4.1891687e-05 -4.3089258e-05 3.9767717e-05)
(8.2982006e-05 -8.6447887e-05 5.1073693e-05)
(0.00013139867 -0.0001242944 7.3999133e-05)
(-8.2397228e-06 0.00027893202 0.00017680653)
(-2.5684278e-05 0.00025628294 0.00015154084)
(-3.7503464e-05 0.00022158666 0.00012322598)
(-4.1297154e-05 0.0001765201 9.4891286e-05)
(-3.5027057e-05 0.00012353537 7.0080369e-05)
(-1.7447485e-05 6.4847418e-05 5.0575969e-05)
(1.2069309e-05 4.4162723e-06 4.0066238e-05)
(5.336635e-05 -5.4944848e-05 3.9785505e-05)
(0.0001056295 -0.00011007283 5.1118613e-05)
(0.0001672321 -0.00015821686 7.4086123e-05)
(-9.9859493e-06 0.00033827384 0.00017682026)
(-3.1156352e-05 0.00031081109 0.00015152282)
(-4.5495382e-05 0.00026876522 0.000123224)
(-5.0087956e-05 0.00021410093 9.4904726e-05)
(-4.245402e-05 0.00014976522 7.0078958e-05)
(-2.112659e-05 7.8589784e-05 5.0582691e-05)
(1.4714699e-05 5.2413001e-06 4.0080568e-05)
(6.4860205e-05 -6.6820697e-05 3.9808098e-05)
(0.0001283165 -0.00013374144 5.1159507e-05)
(0.00020310803 -0.00019217767 7.4161326e-05)
(-1.1716105e-05 0.00039762167 0.00017686646)
(-3.6601678e-05 0.00036520905 0.00015148466)
(-5.347881e-05 0.000315887 0.00012319816)
(-5.8884093e-05 0.00025168418 9.4905379e-05)
(-4.9885357e-05 0.00017599937 7.0073371e-05)
(-2.4812273e-05 9.2341023e-05 5.0584085e-05)
(1.7352963e-05 6.0778679e-06 4.009067e-05)
(7.635107e-05 -7.8689363e-05 3.9827623e-05)
(0.0001510108 -0.00015741522 5.1194011e-05)
(0.00023900319 -0.00022615613 7.4220824e-05)
(-1.3460444e-05 0.00045708319 0.000176925)
(-4.2039072e-05 0.00041965455 0.00015149652)
(-6.1446694e-05 0.00036299173 0.00012319593)
(-6.766514e-05 0.0002892303 9.4905002e-05)
(-5.7308128e-05 0.00020221075 7.0065022e-05)
(-2.848724e-05 0.00010606269 5.0575723e-05)
(1.9989834e-05 6.9085826e-06 4.0089858e-05)
(8.7839152e-05 -9.0562216e-05 3.9832978e-05)
(0.00017369269 -0.00018108044 5.1210667e-05)
(0.00027489014 -0.00026013281 7.4255062e-05)
(-1.5226651e-05 0.00051659865 0.00017695596)
(-4.7499032e-05 0.00047422867 0.00015153126)
(-6.9417367e-05 0.00041013382 0.00012321104)
(-7.6441603e-05 0.00032677823 9.4913073e-05)
(-6.4720416e-05 0.00022840298 7.0060493e-05)
(-3.2149498e-05 0.00011976017 5.0568416e-05)
(2.2635059e-05 7.724966e-06 4.0088458e-05)
(9.9336017e-05 -0.00010245084 3.9834026e-05)
(0.00019636452 -0.00020473565 5.1220365e-05)
(0.00031076511 -0.00029410014 7.4276323e-05)
(-1.6977743e-05 0.0005760549 0.00017698162)
(-5.2953963e-05 0.00052870152 0.00015152247)
(-7.7404207e-05 0.00045730413 0.00012321444)
(-8.5231055e-05 0.00036435643 9.4919074e-05)
(-7.2154685e-05 0.00025465064 7.0063488e-05)
(-3.5835504e-05 0.00013351371 5.0572119e-05)
(2.5253302e-05 8.5942297e-06 4.0094941e-05)
(0.00011078587 -0.00011426127 3.984414e-05)
(0.00021898527 -0.00022831629 5.1236306e-05)
(0.00034657056 -0.00032798204 7.4298101e-05)
)
;
    }
    front
    {
        type            symmetry;
    }
    back
    {
        type            symmetry;
    }
    defaultFaces
    {
        type            empty;
    }
}


// ************************************************************************* //
